
 -------------------------------------------------------------------------------

 day =  90.000   year = 52   area (nh) =  0.1116   area (sh) =  0.0139   vol (nh) =  0.2713   vol (sh) =  0.1024

 sh:  loop =  30   rmsinc =    0.37972E-03   rmsvel =    0.89860E-01
 nh:  loop =  81   rmsinc =    0.96511E-03   rmsvel =    0.50561E-01

         235237239241243245247249251253255257259261263265267269271273275277279281283285287289291293295297299301303305
 hice*10:
   89     30 30 31 31 31 31 31 31 32 32 32 32 32 33 33 33 33 34 34 34 34 34 34 35 35 35 35 35 36 37 37 38 36 34 33 32
   87     41 42 43 43 44 44 45 45 46 47 48 50 51 53 56 59 61 63 65 64 62 61 62 63 64 66 67 68 69 71 72 72 73 75 76 76
   85     61 62 64 66 68 70 73 76 81 87 92 96100 99 99102106110114115110111113114116118119121123125127128104 88 86 88
   83     88 92 93 96100104108110108109113116117111 99 94 89 88 86 73 38999999999999999999999999999999999  7  9 15 21
   81     98 99105110114115113108 98 88 82 80 76 62 35999999999999999999999999999999999999999999999999999999999999999
   79     57 55 56 56 55 53 49 44 38 31999999999 68999999999999999999999999999999999999999999999999999999999999999999
   77     32 29999999999999999999999 64 63 62999999999999999999999999999999999999 42 63 65999999999999999999999999999
   75     25 24999999999999999999999999 59 56 57999 58999999999999999999999999 22 80 72 49 30 22 19 18 20 21 22999999
   73    999999999999999999999999999999999 33999999999999999999999999999999999999999 47 38 28 18 12 10 10 10 12 14999
   71     18999 19 20999999999999999999999999 22 22999999999 21999999999999999999999999999999999  9  7  8  7  6  7999
   69    999999999999999999999999999999999999 19999999999999999999 17999999 17 22999999999999999999  8  8  7  6  5  6
   67    999999999999999999999999999999999999999999999999999999999999999999 16 19 16 15999999999999999999  6  5  4  4
   65    999999999999999999999999999999999999999999999999999999999999999999 15 17999999999999999999999  5  5  4  4  4
   63    999999999999999999999999999999999999999999999999999999 15 17999999 14 15999 14 13999999999999  5  5  4  3  3
   61    999999999999999999999999999999999999999999999999 13 13 14 15 15 16 15 14999999999999  8  7  4  4  4  3  3  3
   59    999999999999999999999999999999999999999999999999 11 11 13 15 15 15 15 15999999999999999999999999  3  3  3  3
   57    999999999999999999999999999999999999999999999999999999999 16 18 18 19 18999999999999999999999999  3  3  3  0
   55    999999999999999999999999999999999999999999999999999999999999999999 10999999999999999999999999999999999  0  0
   53    999999999999999999999999999999999999999999999999999999999999999999  9999999999999999999999999999999999999  0
   51    999999999999999999999999999999999999999999999999999999999999999999999999999999999999999999999999999999999  0
   49    999999999999999999999999999999999999999999999999999999999999999999999999999999999999999999999  0  0  0999999
   47      0999999999999999999999999999999999999999999999999999999999999999999999999999999999999999999  0  0  0  0999
   45      0999999999999999999999999999999999999999999999999999999999999  0999999999999999999999999999999  0  0  0  0
   43      0999999999999999999999999999999999999999999999999999999  0999999999999999999999999  0  0  0  0  0  0  0  0
   41      0999999999999999999999999999999999999999999999999999999999999999999999999999999  0  0  0  0  0  0  0  0  0
   39      0999999999999999999999999999999999999999999999999999999999999999999999999999  0  0  0  0  0  0  0  0  0  0
   37      0  0999999999999999999999999999999999999999999999999999999999999999999999  0  0  0  0  0  0  0  0  0  0  0
   35      0  0999999999999999999999999999999999999999999999999999999999999999999999  0  0  0  0  0  0  0  0  0  0  0
   33      0  0  0  0999999999999999999999999999999999999999999999999999999999999  0  0  0  0  0  0  0  0  0  0  0  0
   31      0  0  0  0  0999999999999999999999999999999999999999999999999999999  0  0  0  0  0  0  0  0  0  0  0  0  0
   29      0  0  0  0  0999999999999999999999999999999999  0999  0  0  0999999  0  0  0  0  0  0  0  0  0  0  0  0  0
   27      0  0  0  0  0  0999  0999999999999999999999  0  0  0  0  0  0  0999  0  0  0  0  0  0  0  0  0  0  0  0  0
   25      0  0  0  0  0  0  0999999999999999999999  0  0  0  0  0  0  0  0  0  0  0  0  0  0  0  0  0  0  0  0  0  0
   23      0  0  0  0  0  0  0  0  0  0999999999999  0  0  0  0  0  0  0999999  0  0  0  0  0  0  0  0  0  0  0  0  0
   21      0  0  0  0  0  0  0  0  0  0999999999999999  0  0  0999999  0  0  0999999999  0  0  0  0  0  0  0  0  0  0
   19      0  0  0  0  0  0  0  0  0  0  0999999999999  0  0999999  0  0  0  0  0  0  0999999999  0  0  0  0  0  0  0
   17      0  0  0  0  0  0  0  0  0  0  0  0999999999999999999999  0  0  0  0  0  0  0  0  0  0  0  0  0  0  0  0  0
   15      0  0  0  0  0  0  0  0  0  0  0  0  0  0  0  0999999999999999  0  0  0  0  0  0  0  0  0  0  0  0  0  0  0
   13      0  0  0  0  0  0  0  0  0  0  0  0  0  0  0  0  0  0999999999  0  0  0  0  0  0  0  0  0  0  0  0  0  0  0
   11      0  0  0  0  0  0  0  0  0  0  0  0  0  0  0  0  0  0  0  0999  0  0  0  0999999999999999  0  0  0  0  0  0
 fice*100, -fice*10000:
 time-mean fuwindis*100:
   10    -10 -9 -8 -8 -7 -7 -6 -6 -6 -6 -7 -7 -7 -7 -6 -5 -5 -5 -5 -4 -3 -4 -4 -4 -4 -5 -5 -5 -4 -5 -7-10-10 -9 -8 -8
   12    -11-10 -9 -8 -7 -7 -6 -6 -6 -6 -7 -7 -7 -6 -5 -4 -3 -3 -3 -2 -2 -4 -5 -5 -6 -7 -7 -8-10-12-13-14-14-13-11-10
   14    -10-10 -9 -8 -7 -6 -5 -5 -4 -5 -5 -5 -5 -5 -4 -3 -2 -1 -1 -1 -2 -4 -5 -6 -6 -7 -7 -8-10-12-13-14-13-12-10 -9
   16     -8 -8 -7 -7 -6 -5 -4 -3 -2 -2 -2 -3 -3 -3 -2 -1 -1  0  0 -1 -2 -3 -4 -5 -5 -5 -5 -6 -7 -8 -8 -8 -8 -7 -7 -7
   18     -6 -5 -5 -5 -5 -4 -3 -2 -1 -1 -1 -1 -1 -1 -1  0  0  0  0  0 -1 -2 -3 -3 -3 -3 -3 -4 -5 -5 -5 -5 -4 -4 -4 -5
   20     -3 -3 -3 -3 -2 -2 -1  0  1  1  0  0  0  0 -1  0  1  1  1  0  0 -2 -2 -2 -2 -2 -2 -2 -3 -3 -3 -2 -2 -2 -2 -3
   22     -1  0  0  0  0  0  1  2  3  2  0  0  0  0  1  2  3  3  3  2  1 -1 -1 -1 -1 -1 -1 -2 -2 -2 -2 -1 -1 -1 -2 -3
   24      1  2  3  3  3  3  3  4  4  2  0  0  0  2  4  5  5  6  5  4  2  1  0  0  0  0  0 -1 -2 -2 -1  0  0  0 -1 -2
   26      5  6  7  6  5  5  5  5  4  1  0  0  0  3  6  7  7  7  7  5  3  2  2  2  2  3  2  1  1  0  1  1  1  1  0  0
   28      8  9  9  8  6  6  5  4  2  0  0  0  0  2  5  6  6  6  6  4  3  2  2  3  4  5  5  5  4  4  4  4  3  3  3  4
   30     10 10  9  8  7  6  4  2  0  0  0  0  0  1  2  2  2  2  2  2  1  1  2  3  5  7  8  8  8  8  7  7  7  7  7  8
   32     10 10  9  7  5  3  1  0  0  0  0  0  0  0  0  0  0  0  0  0  0  0  1  3  5  7  9 10 11 11 11 11 11 10 11 10
   34     10  9  8  5  2  0  0  0  0  0  0  0  0  0  0  0  0  0  0  0  0  0  0  2  4  7 10 11 13 13 14 14 14 14 14 13
   36      8  6  4  2  0  0  0  0  0  0  0  0  0  0  0  0  0  0  0  0  0  0  0  2  5  9 11 13 14 15 16 17 17 17 16 15
   38      6  2  0  0  0  0  0  0  0  0  0  0  0  0  0  0  0  0  0  0  0  0  0  1  6 12 14 15 16 16 17 18 19 19 19 17
   40      3  1  0  0  0  0  0  0  0  0  0  0  0  0  0  0  0  0  0  0  1  2  1  0  3 10 14 15 15 16 18 19 21 21 20 19
   42      1  0  0  0  0  0  0  0  0  0  0  0  0  0  0  0  0  0  0  0  2  4  5  4  2  3  9 12 13 14 16 19 21 22 21 20
   44      0  0  0  0  0  0  0  0  0  0  0  0  0  0  0  0  0  0  0  1  2  5  5  6  4  2  5  7  9 11 14 17 19 20 19 18
   46      0  0  0  0  0  0  0  0  0  0  0  0  0  0  0  0  0  0  1  1  2  3  3  3  3  3  3  3  4  6 10 12 14 15 14 12
   48     -1  0  0  0  0  0  0  0  0  0  0  1  0  0  0  1  1  1  1  1  1  2  3  3  3  3  2  2  2  4  7  8  9  8  8  7
   50      0  0  0  0  0  0  0  0  0  0  0  1  0  0  1  1  1  1  1  1  0  1  3  3  3  3  2  2  2  3  4  5  4  4  3  3
   52      0  0  0  0  0  0  0  0  0  0  0  1  1  1  1  1  1  1  2  1  1  2  3  3  3  3  2  2  1  1  2  3  2  2  1  1
   54      0  0  0  0  0  1  1  0  0  0  1  1  1  1  1  1  1  1  1  2  2  2  3  3  3  2  2  2  1  1  1  2  2  2  2  1
   56      0  0  0  0  0  1  1  1  1  1  1  1  1  1  1  1  1  1  1  1  1  1  1  2  2  1  1  1  1  2  1  2  4  4  3  2
   58      0  0  1  0  0  1  1  1  1  1  1  1  1  1  1  1  1  1  1  0  0  0  0  0  0  1  1  1  2  2  2  4  5  4  3  2
   60      0  1  2  1  1  1  1  1  1  1  1  2  2  2  2  2  1  1  1  0  0  0  0  0  0  1  1  2  3  4  4  4  4  3  2  1
   62      0  1  1  1  1  1  1  1  1  1  1  1  1  2  2  2  2  2  1  1  1  1  1  1  1  2  3  4  4  5  5  4  3  2  1 -1
   64      0  0  0  0  0 -1 -1 -1 -1  0  0  0  1  1  2  2  2  2  2  3  3  3  4  4  4  5  5  6  6  5  5  4  2  1  0 -2
   66      0  0 -1 -1 -1 -1 -1 -1 -1 -1 -1  0  0  1  2  2  2  3  3  4  4  5  6  6  7  7  7  6  5  4  3  2  1 -1 -1 -3
   68      0 -1 -1 -1 -1 -1 -1 -1 -1  0  0  0  1  2  2  2  2  3  3  4  5  6  7  7  7  7  6  4  3  2  1  0 -1 -2 -3 -4
   70      0  0 -1 -1 -1 -1 -1  0  0  0  1  2  2  3  3  2  2  4  4  4  4  5  5  4  4  4  3  1  1  1  0 -1 -2 -3 -3 -3
   72      0  0  0  0  0  1  1  1  2  2  3  3  4  4  4  4  4  4  4  4  2  2  2  0  0  0  0  0 -1 -2 -2 -2 -3 -2 -2 -2
   74      1  1  1  1  2  2  2  3  3  3  4  4  4  4  4  4  4  4  3  2  2  1  1  0 -1 -1 -2 -2 -2 -2 -2 -2 -2 -1 -1  0
   76      2  2  2  2  3  3  3  3  3  3  4  4  4  4  3  3  2  2  1  1  0  0 -1 -1 -2 -2 -2 -3 -2 -2 -1 -1 -1  0  0  0
   78      2  2  2  2  2  2  2  3  3  3  3  3  2  2  2  1  1  0  0 -1 -1 -1 -1 -1 -2 -2 -2 -2 -2 -1  0  0  0  0  0  0
   80      1  1  1  1  1  1  2  2  2  2  1  1  1  1  1  0  0 -1 -1 -1 -1 -1  0  0 -1 -1 -1 -1  0  0  0  1  0  0  0  0
   82      1  1  1  1  1  1  1  1  1  1  1  0  0  0  0  0 -1 -1 -1 -1 -1 -1 -1 -1  0  0  0  0  0  0  1  1  1  1  1  2
   84      0  0  0  0  0  0  0  0  0  0  0  0  0  0  0  0 -1 -1 -1 -1 -1 -1 -1 -1 -1 -1  0  0  0  0  1  1  2  2  3  3
   86      0  0  0  0  0  0  0  0  0  0  0  0  0  0  0  0  0  0  0  0  0  0  0  0  0  0  0  1  1  1  1  1  1  1  1  2
   88      0  0  0  0  0  0  0  0  0  0  0  0  0  0  0  0  0  0  0  0  0  0  0  0  0  0  1  1  1  1  1  1  1  1  1  1
 time-mean fvwindis*100:
   88      1  1  1  1  1  1  1  1  1  1  1  1  1  1  1  1  2  2  2  2  2  2  2  2  2  2  2  2  2  2  2  2  2  2  2  2
   86      1  1  1  1  1  1  1  1  1  1  1  1  1  1  1  1  2  2  2  2  2  2  2  2  2  2  2  2  2  2  2  2  2  2  2  2
   84      0  1  1  1  1  1  1  1  1  1  1  1  1  1  1  1  1  1  2  2  2  3  3  3  4  4  4  5  5  5  5  6  6  6  6  5
   82      1  1  1  1  1  1  0  0  0  0  0  0  0  0  0  0  1  1  1  2  2  3  2  2  2  2  4  6  6  7  7  8  6  3  3  3
   80      1  1  1  1  1  1  0  0  0 -1 -1 -1 -1 -1  0  0  0  1  1  2  2  1  1  1  2  3  5  6  7  8  6  4  2  0  0  0
   78      2  2  2  1  1  1  1  1  0  0 -1 -1 -1 -1 -1 -1  0  0  0  1  1  1  1  2  4  5  6  6  7  5  4  2  0  0  0  0
   76      3  2  2  2  2  1  1  1  1  0 -1 -1 -2 -2 -2 -2 -2 -1 -1  0  0  0  1  2  2  3  4  5  7  6  7  7  6  6  3  0
   74      1  1  1  1  1  1  1  1  1  0 -1 -2 -2 -2 -3 -3 -2 -2 -2 -2 -1 -1 -1  0  1  2  3  4  6  7  8 10 11 12  9  3
   72      1  0  1  0  0  0  0  0  0 -1 -1 -2 -2 -3 -2 -2 -2 -2 -2 -2 -1 -1 -1  0  0  1  1  2  4  5  6  8  9 10 11  8
   70      0  0  0  0  0  0 -1 -1 -1 -1 -2 -2 -2 -2 -1 -1  0  0  0  0  0  0 -1  0 -1 -1  0  0  1  1  2  4  5  7  8  9
   68      0 -1 -1 -1 -1 -1 -1 -1 -1 -1 -2 -1 -1 -1  0  0  1  2  2  2  2  1  0 -1 -2 -2 -2 -2 -2 -2 -1  0  2  4  5  7
   66     -1 -1 -1 -1 -1 -1 -1 -1 -1 -1  0  0  0  1  1  2  3  3  4  4  3  2  0 -1 -2 -3 -4 -5 -5 -5 -5 -4 -2  0  2  5
   64      0 -1 -1 -1 -1 -1 -1 -1  0  0  0  1  1  2  2  2  3  3  3  3  2  1  0 -2 -3 -4 -5 -6 -6 -7 -7 -6 -4 -2  0  2
   62      0  0  0  0  0  0  0  1  1  1  1  2  2  2  2  2  2  2  2  1  0 -1 -3 -4 -4 -5 -6 -7 -7 -9 -8 -6 -5 -4 -2  0
   60      0  1  1  0  0  1  1  1  1  1  2  2  2  2  2  1  1  1  0 -1 -2 -4 -4 -5 -5 -5 -5 -6 -6 -7 -7 -6 -5 -5 -4 -2
   58      0  0  1  0  0  0  1  1  1  1  1  1  1  1  0  0  0 -1 -2 -3 -4 -4 -5 -5 -4 -4 -3 -3 -3 -3 -3 -4 -6 -6 -5 -4
   56      1  0  0  0  0  1  1  1  1  1  1  0  0  0  0 -1 -1 -1 -2 -3 -3 -4 -4 -4 -3 -3 -3 -2 -2 -2 -2 -3 -6 -7 -7 -6
   54      1  0  0  0  0  1  0  0  0  0  0  0  0  0  0  0  0 -1 -1 -2 -2 -2 -3 -3 -3 -3 -2 -2 -2 -2 -2 -3 -5 -7 -7 -5
   52      0  0  0  0  0  0  0  0  0  0  0  0  0  0  0  0  0  0 -1 -1  0 -1 -3 -3 -3 -3 -2 -2 -2 -2 -4 -6 -7 -7 -6 -3
   50      2  1  0  0  0  0  0  0  0  0  0  0  0  0  0  0  0  0  0  0  0 -1 -2 -2 -3 -3 -2 -2 -2 -4 -6 -9-10 -7 -3  1
   48      5  2  0  0  0  0  0  0  0  0  0  0  0  0  0  0  0  0 -1 -1 -1 -1 -2 -3 -3 -3 -2 -2 -2 -4 -8 -9 -8 -5  0  4
   46      5  1  0  0  0  0  0  0  0  0  0  0  0  0  0  0  0  0 -1 -2 -3 -4 -4 -3 -3 -3 -2 -2 -2 -4 -7 -7 -5 -2  3  7
   44      4  0  0  0  0  0  0  0  0  0  0  0  0  0  0  0  0  0 -2 -3 -4 -7 -6 -6 -4 -2 -3 -4 -3 -4 -4 -3 -2  1  5  9
   42      4  0  0  0  0  0  0  0  0  0  0  0  0  0  0  0  0  0 -3 -3 -4 -7 -6 -4 -2 -2 -5 -5 -3 -2 -1  0  1  3  7 10
   40      4  1  0  0  0  0  0  0  0  0  0  0  0  0  0  0  0  0 -1 -1 -2 -4 -2  0 -2 -6 -6 -4 -2  0  1  2  3  5  8 10
   38      3  1  0  0  0  0  0  0  0  0  0  0  0  0  0  0  0  0  0  0  0  0  0 -1 -5 -6 -5 -3 -1  1  2  3  5  6  7  8
   36      1 -1 -2 -1  0  0  0  0  0  0  0  0  0  0  0  0  0  0  0  0  0  0  0 -3 -5 -4 -3 -2  0  2  4  5  6  6  6  5
   34     -1 -3 -3 -2 -1  0  0  0  0  0  0  0  0  0  0  0  0  0  0  0  0  0 -1 -2 -2 -2 -1  0  2  4  5  6  7  6  5  4
   32     -3 -4 -4 -3 -2  0  0  0  0  0  0  0  0  0  0  0  0  0  0  0  0 -1 -1  0  0  1  1  2  4  5  6  6  6  5  4  3
   30     -4 -4 -4 -3 -2 -1  0  0  0  0  0  0  0 -1 -2 -2 -1  0  0  0  0  0  0  1  2  2  3  4  4  5  5  5  5  4  4  3
   28     -4 -5 -4 -3 -3 -2 -1 -1  0  0  0  0  0 -2 -4 -3 -1  0  1  1  1  0  1  1  2  3  3  4  4  4  4  3  3  4  3  3
   26     -4 -4 -4 -4 -4 -4 -3 -2 -1  0  0  0  0 -2 -4 -3 -2 -1  0  1  1  1  0  1  1  2  3  3  4  3  2  2  2  2  2  2
   24     -4 -4 -4 -4 -5 -5 -4 -3 -2 -1  0  0  0 -1 -3 -3 -3 -2 -1  0  0  0  0  0  0  1  2  3  3  3  2  1  1  1  1  1
   22     -3 -3 -4 -4 -5 -5 -5 -4 -2 -1  0  0  0 -1 -3 -4 -4 -3 -2 -1  0  0  0  0  0  1  2  3  3  3  2  1  0  0  0  0
   20     -3 -3 -4 -4 -5 -5 -5 -4 -3 -2 -1  0  0 -1 -3 -4 -4 -3 -2 -1  0  0  1  1  1  1  2  3  3  3  2  1  0 -1 -1 -1
   18     -4 -4 -5 -5 -5 -5 -5 -5 -4 -3 -2 -1 -1 -1 -2 -2 -2 -2 -2 -1  0  0  1  1  1  1  2  3  3  2  1  0 -1 -2 -3 -3
   16     -6 -6 -6 -6 -6 -6 -6 -5 -5 -4 -3 -2 -3 -2 -2 -2 -1 -1 -1 -1  0  0  0  0  0  0  1  2  2  1  0 -1 -3 -4 -4 -4
   14     -8 -7 -7 -7 -6 -6 -6 -6 -6 -5 -4 -4 -4 -3 -3 -3 -2 -1 -1 -1 -1 -1 -1 -1 -1 -1  0  0  0 -1 -2 -4 -5 -5 -6 -5
   12     -8 -8 -7 -7 -7 -7 -7 -7 -6 -5 -4 -4 -4 -4 -3 -3 -2 -1 -1 -1 -1 -2 -2 -2 -2 -2 -1 -1 -2 -3 -4 -5 -5 -6 -6 -6
   10     -7 -7 -6 -6 -6 -7 -7 -7 -5 -4 -3 -3 -3 -3 -3 -2 -2 -1 -2 -2 -3 -4 -4 -3 -2 -2 -2 -1 -1 -1 -3 -4 -4 -4 -5 -5
 uocn*100:
   88      1  1  1  1  1  1  1  1  1  1  1  1  1  1  1  1  1  1  1  1  1  1  1  1  1  1  1  1  1  1  1  1  1  1  0  0
   86      1  1  1  1  1  1  1  1  1  1  1  1  1  1  1  1  1  1  1  1  1  1  1  1  1  1  1  1  0  0  0  0  0  0  0  0
   84      1  1  1  1  1  1  1  1  1  1  0  0  0  0  0  0  0  0  0  0  0  0  0  0  0  0  0  0  0  0  0  0  0  0  0  0
   82      0  0  0  0  0  0  0  0  0  0  0  0  0  0  0  0  0  0  0  0  0  0  0  0  0  0  0  0  0  0  0  0  0  0  0  0
   80      0  0  0  0  0  0  0  0  0  0  0  0  0  0  0  0  0  0  0  0  0  0  0  0  0  0  0  0  0  0  0  0  0  0  0  0
   78      0  0  0  0  0  0  0  0  0  0  0  0  0  0  0  0  0  0  0  0  0  0  0  0  0  0  0  0  0  0  0  0  0  0  0  0
   76      0  0  0  0  0  0  0  0  0  0  0  0  0  0  0  0  0  0  0  0  0  0  0  0  0  0  0  0  0  0  0  0  0  0  0  0
   74      0  0  0  0  0  0  0  0  0  0  0  0  0  0  0  0  0  0  0  0  0  0  0  0  0  0  0  0  0  0  0  0  0  0  0  0
   72      0  0  0  0  0  0  0  0  0  0  0  0  0  0  0  0  0  0  0  0  0  0  0  0  0  0  0  0  0  0  0  0  0  0  0  0
   70      0  0  0  0  0  0  0  0  0  0  0  0  0  0  0  0  0  0  0  0  0  0  0  0  0  0  0  0  0  0  0  0  0  0  0  0
   68      0  0  0  0  0  0  0  0  0  0  0  0  0  0  0  0  0  0  0  0  0  0  0  0  0  0  0  0  0  0  0  0  0 -1 -1  0
   66      0  0  0  0  0  0  0  0  0  0  0  0  0  0  0  0  0  0  0  0  0  0  0  0  0  0  0  0  0  0  0  0 -1 -1 -1  0
   64      0  0  0  0  0  0  0  0  0  0  0  0  0  0  0  0  0  0  0  0  0  0  0  0  0  0  0  0  0  0  0  0 -1 -1 -1 -1
   62      0  0  0  0  0  0  0  0  0  0  0  0  0  0  0  0  0  0  0  0  0  0  0  0  0  0  0  0  0  0  0  0 -1 -1 -2 -2
   60      0  0  0  0  0  0  0  0  0  0  0  0  0  0  0  0  0  0  0  0  0  0  0  0  0  0  0  0  0  0  0  0  0 -1 -1 -1
   58      0  0  0  0  0  0  0  0  0  0  0  0  0  0  0  0  0  0  0  0  0  0  0  0  0  0  0  0  0  0  0  0  0  0  0  0
   56      0  0  0  0  0  0  0  0  0  0  0  0  0  0  0  0  0  0  0  0  0  0  0  0  0  0  0  0  0  0  0  0  0  0  0  0
   54      0  0  0  0  0  0  0  0  0  0  0  0  0  0  0  0  0  0  0  0  0  0  0  0  0  0  0  0  0  0  0  0  0  0  0  0
   52      0  0  0  0  0  0  0  0  0  0  0  0  0  0  0  0  0  0  0  0  0  0  0  0  0  0  0  0  0  0  0  0  0  0  0  0
   50      0  0  0  0  0  0  0  0  0  0  0  0  0  0  0  0  0  0  0  0  0  0  0  0  0  0  0  0  0  0  0  0  0  0  0  0
   48      0  0  0  0  0  0  0  0  0  0  0  0  0  0  0  0  0  0  0  0  0  0  0  0  0  0  0  0  0  0  0  0  0  0  0  0
   46      0  0  0  0  0  0  0  0  0  0  0  0  0  0  0  0  0  0  0  0  0  0  0  0  0  0  0  0  0  0  0  0  1  1  0  0
   44      0  0  0  0  0  0  0  0  0  0  0  0  0  0  0  0  0  0  0  0  0  0  0  0  0  0  0  0  0  0  0  0  3  4  4  4
   42      0  0  0  0  0  0  0  0  0  0  0  0  0  0  0  0  0  0  0  0  0  0  0  0  0  0  0  0  2  2  3  4  5  6  6  7
   40      0  0  0  0  0  0  0  0  0  0  0  0  0  0  0  0  0  0  0  0  0  0  0  0  0  0  0  4  5  5  6  7  8  7  7  8
   38      0  0  0  0  0  0  0  0  0  0  0  0  0  0  0  0  0  0  0  0  0  0  0  0  0  0  5 10 11 10 10 10  9  8  8  8
   36     -2  0  0  0  0  0  0  0  0  0  0  0  0  0  0  0  0  0  0  0  0  0  0  0  0  3 11 15 14 13 11 10  8  8  7  7
   34     -2  0  0  0  0  0  0  0  0  0  0  0  0  0  0  0  0  0  0  0  0  0  0  0  0 10 15 13 11  9  8  6  5  5  5  4
   32     -2 -1  0  0  0  0  0  0  0  0  0  0  0  0  0  0  0  0  0  0  0  0  0  0  8 15 12  8  5  4  3  2  2  2  2  2
   30     -2 -1  0  0  0  0  0  0  0  0  0  0  0  0  0  0  0  0  0  0  0  0  0  3  9  9  5  2  0  0  0 -1 -1  0  0 -1
   28     -2 -1 -1 -1  0  0  0  0  0  0  0  0  0  0  0  0  0  0  0 -1  0  0  0  1  1  0 -2 -2 -3 -2 -2 -2 -2 -2 -2 -2
   26     -2 -2 -2 -1 -1  0  0  0  0  0  0  0  0  0  0  0  0 -1 -1 -1 -1  0  0  0 -2 -4 -4 -4 -4 -3 -3 -3 -3 -3 -3 -2
   24     -3 -3 -3 -2 -1 -1  0  0  0  0  0  0  0  0  0 -1 -1 -1 -1 -1  0  0  0  1 -1 -4 -5 -4 -3 -2 -3 -3 -3 -2 -2 -2
   22     -3 -3 -3 -3 -2 -1  0  0  0  0  0  0  0  0  0 -1 -1  0  0  0  0  0  0  0  0  0 -3 -3 -2 -1 -1 -1 -1  0  0  0
   20     -5 -5 -4 -4 -3 -2 -1  0  0  0  0  0  0  0  0  0  0  0  0  0 -2 -1  0  0  0  0  0  0  0  0  0  0  0  0  0  0
   18     -8 -7 -6 -5 -4 -3 -2 -1  0  1  0  0  0  0  0  0  0  0  0 -2 -6 -6 -3 -1  0  0  0  0  0 -1 -1  0  0  0 -1 -1
   16    -10 -9 -9 -7 -6 -5 -3 -2  0  1  2  0  0  0  0  0  0  0  0  0  0 -6 -7 -6 -5 -5 -6 -6 -5 -4 -4 -3 -3 -2 -2 -2
   14    -12-11-10 -9 -7 -5 -4 -2 -1  1  2  2  2  2  0  0  0  0  0  0  0 -3 -9-13-11 -8 -9 -8 -7 -6 -8-10 -9 -7 -4 -4
   12    -11-10 -9 -8 -6 -5 -4 -3 -2 -2 -2 -2 -3 -5 -7 -7 -5  0  0  0  0 -1 -7-13  0  0  0  0  0  0 -7-13-12-11 -9 -7
   10     -3 -3 -2 -2 -2 -2 -2 -2 -2 -3 -5 -6 -8 -9-10 -8 -7 -7 -5  0  0  0  0  0  0  0  0  0  0  0  0  0  0 -8-11-12
 vocn*100:
   88      0  0  0  0  0  0  0  0 -1 -1 -1 -1 -1 -1 -1 -1 -1 -1 -1 -1 -1 -1 -1 -1 -1 -1 -1 -1 -1 -1 -1 -1 -1 -1 -1 -1
   86      0  0  0 -1 -1 -1 -1 -1 -1 -1 -1 -1 -1 -1 -1 -1 -1 -1 -1 -1 -1  0  0  0  0 -1 -1 -1 -1 -1 -1 -1 -1 -1 -1 -1
   84     -1 -1 -1 -1 -1 -1 -1 -1 -1 -1 -1 -1 -1 -1  0  0  0  0  0  0  0  0  0  0  0  0  0  0  0  0  0  0  0  0  0  0
   82     -1 -1 -1 -1 -1 -1 -1 -1 -1 -1  0  0  0  0  0  0  0  0  0  0  0  0  0  0  0  0  0  0  0  0  0  0  0  0  0  0
   80     -1 -1 -1 -1 -1 -1  0  0  0  0  0  0  0  0  0  0  0  0  0  0  0  0  0  0  0  0  0  0  0  0  0  0  0  0  0  0
   78     -1  0  0  0  0  0  0  0  0  0  0  0  0  0  0  0  0  0  0  0  0  0  0  0  0  0  0  0  0  0  0  0  0  0  0  0
   76     -1  0  0  0  0  0  0  0  0  0  0  0  0  0  0  0  0  0  0  0  0  0  0  0  0  0  0  0  0  0  0  0  0  0  0  0
   74      0  0  0  0  0  0  0  0  0  0  0  0  0  0  0  0  0  0  0  0  0  0  0  0  0  0  0  0  0  0  0  0  0  0  0  0
   72      0  0  0  0  0  0  0  0  0  0  0  0  0  0  0  0  0  0  0  0  0  0  0  0  0  0  0  0  0  0  0  0  0  0  0  0
   70      0  0  0  0  0  0  0  0  0  0  0  0  0  0  0  0  0  0  0  0  0  0  0  0  0  0  0  0  0  0  0  0  0 -1  0  0
   68      0  0  0  0  0  0  0  0  0  0  0  0  0  0  0  0  0  0  0  0  0  0  0  0  0  0  0  0  0  0  0  0  0 -1 -1  0
   66      0  0  0  0  0  0  0  0  0  0  0  0  0  0  0  0  0  0  0  0  0  0  0  0  0  0  0  0  0  0  0  0 -1 -1 -1  0
   64      0  0  0  0  0  0  0  0  0  0  0  0  0  0  0  0  0  0  0  0  0  0  0  0  0  0  0  0  0  0  0  0 -1 -1  0  0
   62      0  0  0  0  0  0  0  0  0  0  0  0  0  0  0  0  0  0  0  0  0  0  0  0  0  0  0  0  0  0  0 -1 -1 -1  0  1
   60      0  0  0  0  0  0  0  0  0  0  0  0  0  0  0  0  0  0  0 -1 -1  0  1  0  0  0  0  0  0  0  0  0 -1 -2 -1  1
   58      0  0  0  0  0  0  0  0  0  0  0  0  0  0  0  0  0  0  0  0 -1  0  0  0  0  0  0  0  0  0  0  0 -1 -2 -1  0
   56      0  0  0  0  0  0  0  0  0  0  0  0  0  0  0  0  0  0  0  0  0  0  0  0  0  0  0  0  0  0  0  0  0  0 -1 -1
   54      0  0  0  0  0  0  0  0  0  0  0  0  0  0  0  0  0  0  0  0  0  0  0  0  0  0  0  0  0  0  0  0  0  0  0  0
   52      0  0  0  0  0  0  0  0  0  0  0  0  0  0  0  0  0  0  0  0  0  0  0  0  0  0  0  0  0  0  0  0  0  0  0  0
   50      0  0  0  0  0  0  0  0  0  0  0  0  0  0  0  0  0  0  0  0  0  0  0  0  0  0  0  0  0  0  0  0  0  0  0  0
   48      0  0  0  0  0  0  0  0  0  0  0  0  0  0  0  0  0  0  0  0  0  0  0  0  0  0  0  0  0  0  0  0  0  0  0  0
   46      0  0  0  0  0  0  0  0  0  0  0  0  0  0  0  0  0  0  0  0  0  0  0  0  0  0  0  0  0  0  0  0  1  0  0  0
   44      0  0  0  0  0  0  0  0  0  0  0  0  0  0  0  0  0  0  0  0  0  0  0  0  0  0  0  0  0  0  0  0  2  1 -3 -5
   42      0  0  0  0  0  0  0  0  0  0  0  0  0  0  0  0  0  0  0  0  0  0  0  0  0  0  0  0  2 -1 -1  0  1  0 -4 -6
   40      0  0  0  0  0  0  0  0  0  0  0  0  0  0  0  0  0  0  0  0  0  0  0  0  0  0  0  3  2  0  0  0  0 -2 -5 -5
   38      0  0  0  0  0  0  0  0  0  0  0  0  0  0  0  0  0  0  0  0  0  0  0  0  0  0  3  3  0  0  1 -1 -2 -4 -5 -5
   36     -6  0  0  0  0  0  0  0  0  0  0  0  0  0  0  0  0  0  0  0  0  0  0  0  0  6  9  3 -2 -2 -1 -3 -4 -5 -6 -5
   34     -7  0  0  0  0  0  0  0  0  0  0  0  0  0  0  0  0  0  0  0  0  0  0  0  0 12 12  0 -4 -4 -3 -4 -5 -6 -5 -5
   32     -6 -6 -4  0  0  0  0  0  0  0  0  0  0  0  0  0  0  0  0  0  0  0  0  0  9 14  7 -3 -5 -4 -4 -4 -5 -5 -5 -4
   30     -5 -5 -5 -4  0  0  0  0  0  0  0  0  0  0  0  0  0  0  0  0  0  0  0  8 15 10  1 -5 -5 -4 -3 -3 -4 -4 -3 -3
   28     -3 -4 -4 -5  0  0  0  0  0  0  0  0  0  0  0  0  0  0  1  1  0  0  0 12 18  7 -1 -5 -4 -2 -2 -2 -2 -2 -2 -2
   26     -1 -2 -3 -5 -5  0  0  0  0  0  0  0  0  0  0  1  2  2  2  2  2  0  0 10 15  7  0 -4 -2  0  0 -1 -1 -1 -1  0
   24      0 -1 -2 -4 -5 -4  0  0  0  0  0  0  0  0  1  2  2  2  2  2  0  0  0  5  9  6  1 -1  1  1  1  1  1  1  1  1
   22      1  0 -1 -3 -4 -4 -3 -1  0  0  0  0  0  0  0  1  2  0  0  0  0  0  0  0  0  0  1  1  2  2  2  2  2  2  2  2
   20      3  2  1 -1 -2 -2 -2 -2 -1  0  0  0  0  0  0  0  0  0  0  0  5  9  0  0  0  0  0  0  0  2  4  4  4  3  3  3
   18      4  4  2  1  0  0 -1 -1 -1 -1  0  0  0  0  0  0  0  0  0  2  6 13 11  3  2  0  0  0  0  4  5  5  5  5  4  4
   16      6  5  4  3  2  2  1  1  0 -1  0  0  0  0  0  0  0  0  0  0  0 11 14  7  5  6  6  6  6  6  7  7  7  6  5  5
   14      7  7  6  5  4  3  3  2  1  1  0  0  0  0 -2  0  0  0  0  0  0  6 13 10  6  6  6  6  6  6  7  8  9  9  8  6
   12      8  8  7  7  6  4  4  3  2  1  1  0  0 -1 -3 -1  2  0  0  0  0  2  7  9  0  0  0  0  0  0  5  7  8 12 12  8
   10      8  8  8  7  6  5  4  3  2  1  0  0 -1 -2 -2  0  3  3  3  0  0  0  0  0  0  0  0  0  0  0  0  0  0  8 13 10
 time-mean u*100:
   88      1  2  2  2  2  2  2  2  2  2  2  2  2  2  2  2  2  2  2  2  2  2  2  2  2  2  2  2  2  2  2  2  3  2  2  2
   86      1  1  1  1  2  2  2  2  2  2  2  2  2  2  2  2  2  2  2  3  3  3  3  3  3  3  3  3  3  3  3  3  2  2  3  3
   84      1  1  1  1  1  1  1  1  1  1  1  2  2  2  2  2  2  1  1  0  0  0  0  0  0  0  0  0  0  0  0  0  2  1  1  0
   82      1  1  2  2  2  2  2  2  2  2  2  2  1  0  0  0  0  0  0  0  0  0  0  0  0  0  0  0  0  0  0  0  0  0  0  0
   80      3  4  3  3  2  2  2  1  0  0  0  0  0  0  0  0  0  0  0  0  0  0  0  0  0  0  0  0  0  0  0  0  0  0  0  0
   78      0  0  0  0  0  0  0  0  0  0  0  0  0  0  0  0  0  0  0  0  0  0  0  0  0  0  0  0  0  0  0  0  0  0  0  0
   76      0  0  0  0  0  0  0  0  0  0  0  0  0  0  0  0  0  0  0  0  0  0  0  0  0  0  0  0  0  0  0  0  0  0  0  0
   74      0  0  0  0  0  0  0  0  0  0  0  0  0  0  0  0  0  0  0  0  0  0  0  0  0  0 -1 -1 -1 -2 -1 -1  0  0  0  0
   72      0  0  0  0  0  0  0  0  0  0  0  0  0  0  0  0  0  0  0  0  0  0  0  0  0  0  0  0  0  0  0  0 -1  0  0  0
   70      0  0  0  0  0  0  0  0  0  0  0  0  0  0  0  0  0  0  0  0  0  0  0  0  0  0  0  0  0  0  2  1  0  0  0  0
   68      0  0  0  0  0  0  0  0  0  0  0  0  0  0  0  0  0  0  0  0  0  0  1  0  0  0  0  0  0  0  0  0  0 -2 -2  0
   66      0  0  0  0  0  0  0  0  0  0  0  0  0  0  0  0  0  0  0  0  0  0 -1  0  0  0  0  0  0  0  0  0  0 -1 -1  0
   64      0  0  0  0  0  0  0  0  0  0  0  0  0  0  0  0  0  0  0  0  0  0  1  0  0  0  0  0  0  0  0  1 -1 -1 -2 -2
   62      0  0  0  0  0  0  0  0  0  0  0  0  0  0  0  0  0  0  0  0  0  0 -1  0  0  0  0  0  0  0  0  1  0 -1 -2 -3
   60      0  0  0  0  0  0  0  0  0  0  0  0  0  0  0  0  0  1  1  1  1 -1 -1  0  0  0  0  0  0  0  0  0  2  1 -1 -2
   58      0  0  0  0  0  0  0  0  0  0  0  0  0  0  0  0  0  0  0 -1 -1  0  1  0  0  0  0  0  0  0  0  0  3  3  1  0
   56      0  0  0  0  0  0  0  0  0  0  0  0  0  0  0  0  0  0  0  0  0  0  0  0  0  0  0  0  0  0  0  0  0  0  0  0
   54      0  0  0  0  0  0  0  0  0  0  0  0  0  0  0  0  0  0  0  0  0  0  0  0  0  0  0  0  0  0  0  0  0  0  0 -1
   52      0  0  0  0  0  0  0  0  0  0  0  0  0  0  0  0  0  0  0  0  0  0  0  0  0  0  0  0  0  0  0  0  0  0  0  0
   50      0  0  0  0  0  0  0  0  0  0  0  0  0  0  0  0  0  0  0  0  0  0  0  0  0  0  0  0  0  0  0  0  0  0  0  0
   48      0  0  0  0  0  0  0  0  0  0  0  0  0  0  0  0  0  0  0  0  0  0  0  0  0  0  0  0  0  0  0  5  7  0  0  0
   46      0  0  0  0  0  0  0  0  0  0  0  0  0  0  0  0  0  0  0  0  0  0  0  0  0  0  0  0  0  0  0  0 17 21  0  0
   44      0  0  0  0  0  0  0  0  0  0  0  0  0  0  0  0  0  0  0  0  0  0  0  0  0  0  0  0  0  0  0  0 29 33 34 35
   42      0  0  0  0  0  0  0  0  0  0  0  0  0  0  0  0  0  0  0  0  0  0  0  0  0  0  0  0 17 21 25 30 36 39 41 42
   40      0  0  0  0  0  0  0  0  0  0  0  0  0  0  0  0  0  0  0  0  0  0  0  0  0  0  0 22 26 27 31 35 38 40 41 41
   38      0  0  0  0  0  0  0  0  0  0  0  0  0  0  0  0  0  0  0  0  0  0  0  0  0  0 21 30 33 34 35 38 39 39 39 38
   36     10  0  0  0  0  0  0  0  0  0  0  0  0  0  0  0  0  0  0  0  0  0  0  0  0 13 25 32 34 35 36 36 36 35 34 31
   34     11  0  0  0  0  0  0  0  0  0  0  0  0  0  0  0  0  0  0  0  0  0  0  0  0 19 27 29 29 30 30 30 30 28 26 24
   32     11 10  9  0  0  0  0  0  0  0  0  0  0  0  0  0  0  0  0  0  0  0  0  0 16 25 26 23 22 22 22 21 21 20 19 18
   30     10 10 10  9  0  0  0  0  0  0  0  0  0  0  0  0  0  0  0  0  0  0  0  8 17 20 17 15 14 14 13 13 12 12 12 12
   28      7  8  9  8  0  0  0  0  0  0  0  0  0  0  0  0  0  0  8  6  0  0  0  6  8  9  8  6  6  5  5  5  5  5  5  5
   26      0  0  0  0  0  0  0  0  0  0  0  0  0  0  0  0  0  0  0  0  0  0  0  0  0  0  0  0  0  0  0  0  0  0  0  0
   24      0  0  0  0  0  0  0  0  0  0  0  0  0  0  0  0  0  0  0  0  0  0  0  0  0  0  0  0  0  0  0  0  0  0  0  0
   22      0  0  0  0  0  0  0  0  0  0  0  0  0  0  0  0  0  0  0  0  0  0  0  0  0  0  0  0  0  0  0  0  0  0  0  0
   20      0  0  0  0  0  0  0  0  0  0  0  0  0  0  0  0  0  0  0  0  0  0  0  0  0  0  0  0  0  0  0  0  0  0  0  0
   18      0  0  0  0  0  0  0  0  0  0  0  0  0  0  0  0  0  0  0  0  0  0  0  0  0  0  0  0  0  0  0  0  0  0  0  0
   16      0  0  0  0  0  0  0  0  0  0  0  0  0  0  0  0  0  0  0  0  0  0  0  0  0  0  0  0  0  0  0  0  0  0  0  0
   14      0  0  0  0  0  0  0  0  0  0  0  0  0  0  0  0  0  0  0  0  0  0  0  0  0  0  0  0  0  0  0  0  0  0  0  0
   12      0  0  0  0  0  0  0  0  0  0  0  0  0  0  0  0  0  0  0  0  0  0  0  0  0  0  0  0  0  0  0  0  0  0  0  0
   10      0  0  0  0  0  0  0  0  0  0  0  0  0  0  0  0  0  0  0  0  0  0  0  0  0  0  0  0  0  0  0  0  0  0  0  0
 time-mean v*100:
   88      1  1  0  0  0  0  0  0  0  0  0  0  0  0  0  0  0  0  0  0  0  0  0  0  0  0  0  0  0  0  0  0 -1 -1 -1 -1
   86      0  0  0  0  0  0  0  0  0  0  0  0  0  1  1  1  1  1  2  1  0  0  0  0  0  0  0  0  0  0  0 -1  2  3  2  3
   84      0  0  0  0  0  0  0  0  1  1  1  1  2  2  1  1  1  1  2  4  0  0  0  0  0  0  0  0  0  0  0  0  6  4  4  4
   82      0  1  1  1  1  1  1  2  2  1  1  1  1  3  0  0  0  0  0  0  0  0  0  0  0  0  0  0  0  0  0  0  0  0  0  0
   80      2  1  1  1  1  1  1  1  2  0  0  0  0  0  0  0  0  0  0  0  0  0  0  0  0  0  0  0  0  0  0  0  0  0  0  0
   78      4  0  0  0  0  0  0  0  0  0  0  0  0  0  0  0  0  0  0  0  0  0  0  0  0  0  0  0  0  0  0  0  0  0  0  0
   76      2  0  0  0  0  0  0  0  0  0  0  0  0  0  0  0  0  0  0  0  0  0  0  0  0  1  0  0  0  0  0  0  0  0  0  0
   74      0  0  0  0  0  0  0  0  0  0  0  0  0  0  0  0  0  0  0  0  0  0  0  0  0  1  0  0  0  2  5  6  8  0  0  0
   72      0  0  0  0  0  0  0  0  0  0  0  0  0  0  0  0  0  0  0  0  0  0  0  0  0  0  0  0  0  3  5  8 10  9  0  0
   70      0  0  0  0  0  0  0  0  0  0  0  0  0  0  0  0  0  0  0  0  0  0  0  0  0  0  0  0  0  0  3  5  7 11  0  0
   68      0  0  0  0  0  0  0  0  0  0  0  0  0  0  0  0  0  0  0  0  0  0 -2  0  0  0  0  0  0  0  0  0  2  5  7  0
   66      0  0  0  0  0  0  0  0  0  0  0  0  0  0  0  0  0  0  0  0  0  0 -1  0  0  0  0  0  0  0  0  0 -5  0  4  0
   64      0  0  0  0  0  0  0  0  0  0  0  0  0  0  0  0  0  0  0  0  0  0 -2  0  0  0  0  0  0  0  0-11 -7 -4  0  5
   62      0  0  0  0  0  0  0  0  0  0  0  0  0  0  0  0  0  0 -1  0  0  0 -3  0  0  0  0  0  0  0  0-11-10 -8 -4  1
   60      0  0  0  0  0  0  0  0  0  0  0  0  0  0  0  0  0  0  0 -1 -1 -2 -3  0  0  0  0  0  0  0  0  0-12-11 -7 -3
   58      0  0  0  0  0  0  0  0  0  0  0  0  0  0  0  0  0  0  0 -1 -2 -2 -2  0  0  0  0  0  0  0  0  0-13-13-11 -7
   56      0  0  0  0  0  0  0  0  0  0  0  0  0  0  0  0  0  0  0  0  0  0  0  0  0  0  0  0  0  0  0  0  0  0-13-10
   54      0  0  0  0  0  0  0  0  0  0  0  0  0  0  0  0  0  0  0  0  0  0  0  0  0  0  0  0  0  0  0  0  0  0  0 -9
   52      0  0  0  0  0  0  0  0  0  0  0  0  0  0  0  0  0  0  0  0  0  0  0  0  0  0  0  0  0  0  0  0  0  0  0 -4
   50      0  0  0  0  0  0  0  0  0  0  0  0  0  0  0  0  0  0  0  0  0  0  0  0  0  0  0  0  0  0  0  0  0  0  0  0
   48      0  0  0  0  0  0  0  0  0  0  0  0  0  0  0  0  0  0  0  0  0  0  0  0  0  0  0  0  0  0  0-18-17  0  0  0
   46      0  0  0  0  0  0  0  0  0  0  0  0  0  0  0  0  0  0  0  0  0  0  0  0  0  0  0  0  0  0  0  0-16-11  0  0
   44      0  0  0  0  0  0  0  0  0  0  0  0  0  0  0  0  0  0  0  0  0  0  0  0  0  0  0  0  0  0  0  0-13-10 -9 -3
   42      0  0  0  0  0  0  0  0  0  0  0  0  0  0  0  0  0  0  0  0  0  0  0  0  0  0  0  0-10-12-13-13-11-10 -9 -4
   40      0  0  0  0  0  0  0  0  0  0  0  0  0  0  0  0  0  0  0  0  0  0  0  0  0  0  0-12-11-11-10-11-10 -9 -7 -4
   38      0  0  0  0  0  0  0  0  0  0  0  0  0  0  0  0  0  0  0  0  0  0  0  0  0  0-12-10-12-10 -8 -8 -8 -8 -7 -5
   36    -10  0  0  0  0  0  0  0  0  0  0  0  0  0  0  0  0  0  0  0  0  0  0  0  0 -5 -3 -8-12 -9 -6 -6 -7 -8 -8 -7
   34    -15  0  0  0  0  0  0  0  0  0  0  0  0  0  0  0  0  0  0  0  0  0  0  0  0  5  4 -7-10 -7 -5 -4 -5 -6 -8 -8
   32    -16-17-14  0  0  0  0  0  0  0  0  0  0  0  0  0  0  0  0  0  0  0  0  0  6 10  3 -6 -7 -4 -2 -2 -3 -5 -6 -7
   30    -16-18-17-14  0  0  0  0  0  0  0  0  0  0  0  0  0  0  0  0  0  0  0  7 14  9  0 -5 -4 -1  0 -1 -1 -2 -3 -4
   28    -14-16-16-15  0  0  0  0  0  0  0  0  0  0  0  0  0  0 -2  0  0  0  0 12 17  7  0 -3  0  1  1  0  1  1  0  0
   26      0  0  0  0  0  0  0  0  0  0  0  0  0  0  0  0  0  0  0  0  0  0  0  0  0  0  0  0  0  0  0  0  0  0  0  0
   24      0  0  0  0  0  0  0  0  0  0  0  0  0  0  0  0  0  0  0  0  0  0  0  0  0  0  0  0  0  0  0  0  0  0  0  0
   22      0  0  0  0  0  0  0  0  0  0  0  0  0  0  0  0  0  0  0  0  0  0  0  0  0  0  0  0  0  0  0  0  0  0  0  0
   20      0  0  0  0  0  0  0  0  0  0  0  0  0  0  0  0  0  0  0  0  0  0  0  0  0  0  0  0  0  0  0  0  0  0  0  0
   18      0  0  0  0  0  0  0  0  0  0  0  0  0  0  0  0  0  0  0  0  0  0  0  0  0  0  0  0  0  0  0  0  0  0  0  0
   16      0  0  0  0  0  0  0  0  0  0  0  0  0  0  0  0  0  0  0  0  0  0  0  0  0  0  0  0  0  0  0  0  0  0  0  0
   14      0  0  0  0  0  0  0  0  0  0  0  0  0  0  0  0  0  0  0  0  0  0  0  0  0  0  0  0  0  0  0  0  0  0  0  0
   12      0  0  0  0  0  0  0  0  0  0  0  0  0  0  0  0  0  0  0  0  0  0  0  0  0  0  0  0  0  0  0  0  0  0  0  0
   10      0  0  0  0  0  0  0  0  0  0  0  0  0  0  0  0  0  0  0  0  0  0  0  0  0  0  0  0  0  0  0  0  0  0  0  0
 time-mean div*1.e7:
   89      0  1  0  0  0  0  0  0  0  0  0  0  0  1  2  0  0  0  1  0 -1  1  1  0  0  0  0  0 -1 -1 -1 -2 12 -2 -2 -2
   87      0  0  0  0  0  0  0  0  0  0  0  0  0  0  0  0  0  0  0  2  1  0  0  0  0  0  0  0  0  0  0  0 -1  0  0  0
   85      0  0  0  0  0  0  0  0  0  0  0  0  0  0  0 -1 -1 -1 -1 -1  0  0  0  0  0  0  0  0  0  0  0  0  0 -1 -1 -1
   83      0  0  0  0  0  0  0  0  0  0  0 -1 -1 -1 -1  0  0  0  0  0  0  0  0  0  0  0  0  0  0  0  0  0  4  2  1  1
   81      0  0  0  0 -1 -1 -1 -1 -1  0  0  0  0  0  0  0  0  0  0  0  0  0  0  0  0  0  0  0  0  0  0  0  0  0  0  0
   79     -1  0  0  0  0  0  0  0  0  0  0  0  0  0  0  0  0  0  0  0  0  0  0  0  0  0  0  0  0  0  0  0  0  0  0  0
   77     -1  0  0  0  0  0  0  0  0  0  0  0  0  0  0  0  0  0  0  0  0  0  0  0  0  0  0  0  0  0  0  0  0  0  0  0
   75      0  0  0  0  0  0  0  0  0  0  0  0  0  0  0  0  0  0  0  0  0  0  0  0  0  0  0  0  0 -1 -1 -2 -3 -2  0  0
   73      0  0  0  0  0  0  0  0  0  0  0  0  0  0  0  0  0  0  0  0  0  0  0  0  0  0  0  0  0  0 -1 -1 -1 -2 -2  0
   71      0  0  0  0  0  0  0  0  0  0  0  0  0  0  0  0  0  0  0  0  0  0  0  0  0  0  0  0  0  1  2  0  0  0  0  0
   69      0  0  0  0  0  0  0  0  0  0  0  0  0  0  0  0  0  0  0  0  0  0  1  0  0  0  0  0  0  0  2  1  2  0  0  0
   67      0  0  0  0  0  0  0  0  0  0  0  0  0  0  0  0  0  0  0  0  0  0  0  0  0  0  0  0  0  0  0  0  2  1  2  3
   65      0  0  0  0  0  0  0  0  0  0  0  0  0  0  0  0  0  0  0  0  0  0  0  0  0  0  0  0  0  0  0  3  2  1  2  0
   63      0  0  0  0  0  0  0  0  0  0  0  0  0  0  0  0  0  0  0  0  0  0  0  0  0  0  0  0  0  0  0  1  0  1  1  1
   61      0  0  0  0  0  0  0  0  0  0  0  0  0  0  0  0  0  0  0  0  0  0  0  1  0  0  0  0  0  0  0 -2 -1  1  0  1
   59      0  0  0  0  0  0  0  0  0  0  0  0  0  0  0  0  0  1  0  0  0  0  0  0  0  0  0  0  0  0  0  0  3  0  0  1
   57      0  0  0  0  0  0  0  0  0  0  0  0  0  0  0  0  0  0  0  0 -1 -1 -1 -1  0  0  0  0  0  0  0  0 -1 -6 -3  0
   55      0  0  0  0  0  0  0  0  0  0  0  0  0  0  0  0  0  0  0  0  0  0  0  0  0  0  0  0  0  0  0  0  0  0 -3 -4
   53      0  0  0  0  0  0  0  0  0  0  0  0  0  0  0  0  0  0  0  0  0  0  0  0  0  0  0  0  0  0  0  0  0  0  0 -1
   51      0  0  0  0  0  0  0  0  0  0  0  0  0  0  0  0  0  0  0  0  0  0  0  0  0  0  0  0  0  0  0  0  0  0  0 -1
   49      0  0  0  0  0  0  0  0  0  0  0  0  0  0  0  0  0  0  0  0  0  0  0  0  0  0  0  0  0  0  0  6  9  2  0  0
   47     -4  0  0  0  0  0  0  0  0  0  0  0  0  0  0  0  0  0  0  0  0  0  0  0  0  0  0  0  0  0  0 -2  2  1 -4  0
   45     -4  0  0  0  0  0  0  0  0  0  0  0  0  0  0  0  0  0  0  0  0  0  0  0  0  0  0  0  0  0  0  0 14  2 -4  3
   43     -4  0  0  0  0  0  0  0  0  0  0  0  0  0  0  0  0  0  0  0  0  0  0  0  0  0  0  0  8  6  7  8 13  2  1  1
   41     -4  0  0  0  0  0  0  0  0  0  0  0  0  0  0  0  0  0  0  0  0  0  0  0  0  0  0  9  9  1  2  2  2  1  0  0
   39     -4  0  0  0  0  0  0  0  0  0  0  0  0  0  0  0  0  0  0  0  0  0  0  0  0  0  9 11  2  1  1  1  1  0  0  0
   37      0  0  0  0  0  0  0  0  0  0  0  0  0  0  0  0  0  0  0  0  0  0  0  0  0  5  8  2  1  0  0  0  0  0  0  0
   35      0 -5  0  0  0  0  0  0  0  0  0  0  0  0  0  0  0  0  0  0  0  0  0  0  0  6  2  1  0  0 -1 -1 -1 -1 -1 -1
   33      0  1  7  1  0  0  0  0  0  0  0  0  0  0  0  0  0  0  0  0  0  0  0  0  3  5  1  0 -1 -1 -1 -1 -1 -1 -1 -1
   31      0  0  1  1  1  0  0  0  0  0  0  0  0  0  0  0  0  0  0  0  0  0  0  1  3  2  0 -1 -1 -1 -1 -1 -1 -1 -1 -2
   29      0  0  0  0 -4  0  0  0  0  0  0  0  0  0  0  0  0  0  2  0 -1  0  0  3  1  0 -1 -1 -2 -2 -1 -1 -1 -1 -1 -2
   27     -5 -6 -7 -7 -5  0  0  0  0  0  0  0  0  0  0  0  0  0  2 -1 -1  0  0  4  7  6  1 -1 -1  0  0  0  0  0  0  0
   25      0  0  0  0  0  0  0  0  0  0  0  0  0  0  0  0  0  0  0  0  0  0  0  0  0  0  0  0  0  0  0  0  0  0  0  0
   23      0  0  0  0  0  0  0  0  0  0  0  0  0  0  0  0  0  0  0  0  0  0  0  0  0  0  0  0  0  0  0  0  0  0  0  0
   21      0  0  0  0  0  0  0  0  0  0  0  0  0  0  0  0  0  0  0  0  0  0  0  0  0  0  0  0  0  0  0  0  0  0  0  0
   19      0  0  0  0  0  0  0  0  0  0  0  0  0  0  0  0  0  0  0  0  0  0  0  0  0  0  0  0  0  0  0  0  0  0  0  0
   17      0  0  0  0  0  0  0  0  0  0  0  0  0  0  0  0  0  0  0  0  0  0  0  0  0  0  0  0  0  0  0  0  0  0  0  0
   15      0  0  0  0  0  0  0  0  0  0  0  0  0  0  0  0  0  0  0  0  0  0  0  0  0  0  0  0  0  0  0  0  0  0  0  0
   13      0  0  0  0  0  0  0  0  0  0  0  0  0  0  0  0  0  0  0  0  0  0  0  0  0  0  0  0  0  0  0  0  0  0  0  0
   11      0  0  0  0  0  0  0  0  0  0  0  0  0  0  0  0  0  0  0  0  0  0  0  0  0  0  0  0  0  0  0  0  0  0  0  0
 streng*1.e-3:
   89     47 48 50 48 46 45 46 46 47 48 49 48 45 46 48 54 51 47 41 36 40 38 43 46 46 48 48 48 53 64 74 76 12 22 34 44
   87     69 78 77 74 71 72 73 74 77 82 85 87 89 98105110111111102 60 81 98114121122125128130137141138114135136147146
   85    121123127125122128136143160161183191200199198204211220228230220222225229232236238241246251254256209175172177
   83    175185186192198208215220216218225232234222199188179176169135 54131128188196280283317183172135 36  4 11 23 34
   81    196199210221227229225215195159147136127 98 61161305240186208306383405  0  0  0  0223131 29 31 27 45  0  0  0
   79    114110113113110105 98 87 71 52136137136136139140185329284175174  0  0  0211 45 28 44 98132194  0  0  0  0  0
   77     64 57142147149147145142136128126124126127128145131133133160159150178130 83125129 26 47 99  0250  0  0  0  0
   75     50 48133138140140140136130122117112114127117118120135135134130159119 43161145 99 60 42 37 36 39 42 43 20  0
   73    115  0159122  0128121118116119107 65 58111102123117100107129103155114123 97 94 77 55 35 22 17 16 17 21 27 17
   71     34 36 37 38 42108115  0123112103 44 43 43 47129100 40 43100 98  0 98  0  0  0136 27 24  9  2  9  9 11 11 10
   69     34 78105 34 33 34 36 38 39 41 40 37 38 38 42 40  0 38 32 32 53 33 32 44 28 28 87117  0 21  3  2  1  8  7  9
   67     30 30 32 31 30 34 38 86 38  0 38 36 36 36 36 48104105 96 29 31 27 30 37 29 29 28 25 28112117 16  1  3  0  0
   65     26 29 30 31 27 29 30 33 34 34 33 31 32 32 32 33 36 35 29 34 31 32 28 32 28 27 25 25 28 23 18  1  0  0  0  0
   63      0 24 25 26 26 32 26 30 28 30 30 31 32 33 32 31 27 28 27 33 32 31 25 28 28 26 24 19 20 19 15  0  0  0  0  0
   61      0  0 23 25 25 26 28 26 28 29 30 31 32 32 31 28 19 22 27 29 29 29 27 26 23 23 23 17 13 11  1  0  0  0  0  0
   59      0  0 17 18  0 22 21 23 28 27 27 28 29 29 28 24  6  5 23 27 27 27 28 28 19 20 20 18 16 14 16 11  0  0  0  0
   57      0  0  0  0  0  0  0 21 23 25 25 25 25 26 25 24 25 25 25 29 34 35 36 34 21 19 20 19 17 16 17  0  0  0  0  0
   55     15  0  0  0  0 14 15 17 19 21 24 21 20 21 21 21 21 20 19 18 22 20 16 16 17 19 20 19 18 17 16 14  7  0  0  0
   53      0  0  0  0  0  0  0  0  0  0 19 20 22 23 23 21 21 21 19 20 17  0 14 14 17 18 19 19 18 16 14 13 11  0  0  0
   51      0  0  0 12  0  0  0  0  0  0  0  0 21 19 19 20 22 22 19 18  0  0 13 12 16 17 18 18 16 14  8  0  0  0  0  0
   49      0  0  0  0  0  0  0  0  0  0  0 18  0  0  0 17 22 22 16 15 16  0 15 15 16 16 16 15  0  0  0  0  0  0  0  0
   47      0  0  0  0  0  0  0  0  0  0  0  0 15  0  0 20 20 14 13  9  9 14 13 13 15 15 13  0 11  0  0  0  0  0  0  0
   45      0  0  0  0  0  0  0  0  0  0  0  0  0  0  0  0 17  0  0  0  0  0  0 12 11 11 10 10  0  0  0  0  0  0  0  0
   43      0  0  0  0  0  0  0  0  0  0  0  0  0  0  0  0  0  0  0  0  0  0  0  0  0  0  0  0  0  0  0  0  0  0  0  0
   41      0  0  0  0  0  0  0  0  0  0  0  0  0  0  0  0  0  0  0  7  0  0  0  0  0  0  0  0  0  0  0  0  0  0  0  0
   39      0  0  0  0  0  0  0  0  0  0  0  0  0  0  0  0  0  0  0  0  0  0  0  0  0  0  0  0  0  0  0  0  0  0  0  0
   37      0  0  0  0  0  0  0  0  0  0  0  0  0  0  0  0  0  0  0  0  0  0  0  0  0  0  0  0  0  0  0  0  0  0  0  0
   35      0  0  0  0  0  0  0  0  0  0  0  0  0  0  0  0  0  0  0  0  0  0  0  0  0  0  0  0  0  0  0  0  0  0  0  0
   33      0  0  0  0  0  0  0  0  0  0  0  0  0  0  0  0  0  0  0  0  0  0  0  0  0  0  0  0  0  0  0  0  0  0  0  0
   31      0  0  0  0  0  0  0  0  0  0  0  0  0  0  0  0  0  0  0  0  0  0  0  0  0  0  0  0  0  0  0  0  0  0  0  0
   29      0  0  0  0  0  0  0  0  0  0  0  0  0  0  0  0  0  0  0  0  0  0  0  0  0  0  0  0  0  0  0  0  0  0  0  0
   27      0  0  0  0  0  0  0  0  0  0  0  0  0  0  0  0  0  0  0  0  0  0  0  0  0  0  0  0  0  0  0  0  0  0  0  0
   25      0  0  0  0  0  0  0  0  0  0  0  0  0  0  0  0  0  0  0  0  0  0  0  0  0  0  0  0  0  0  0  0  0  0  0  0
   23      0  0  0  0  0  0  0  0  0  0  0  0  0  0  0  0  0  0  0  0  0  0  0  0  0  0  0  0  0  0  0  0  0  0  0  0
   21      0  0  0  0  0  0  0  0  0  0  0  0  0  0  0  0  0  0  0  0  0  0  0  0  0  0  0  0  0  0  0  0  0  0  0  0
   19      0  0  0  0  0  0  0  0  0  0  0  0  0  0  0  0  0  0  0  0  0  0  0  0  0  0  0  0  0  0  0  0  0  0  0  0
   17      0  0  0  0  0  0  0  0  0  0  0  0  0  0  0  0  0  0  0  0  0  0  0  0  0  0  0  0  0  0  0  0  0  0  0  0
   15      0  0  0  0  0  0  0  0  0  0  0  0  0  0  0  0  0  0  0  0  0  0  0  0  0  0  0  0  0  0  0  0  0  0  0  0
   13      0  0  0  0  0  0  0  0  0  0  0  0  0  0  0  0  0  0  0  0  0  0  0  0  0  0  0  0  0  0  0  0  0  0  0  0
   11      0  0  0  0  0  0  0  0  0  0  0  0  0  0  0  0  0  0  0  0  0  0  0  0  0  0  0  0  0  0  0  0  0  0  0  0
 pres*1.e-3:
 icolaps:
