OZONE         23      48        T31 ozone volume mixing ratios (ppb) for JAN      at  23 pressure levels (Pa)                                                                                                                           

            49    69    98   138   195   275   390   550   780  1100  1560  2200  3120  4400  6250  8800 12500 17600 25000 35800 50000 70700100000

 87.2     2856  3049  5489  5784  6658  7609  7669  9045  7678  6450  5641  5122  4471  3779  2741  1879  1092   519   205    63    45    32    22
 83.5     2853  3057  5411  5762  6645  7528  7577  8895  7627  6443  5641  5080  4523  3798  2806  1928  1130   523   218    63    45    32    22
 79.8     2858  3041  5299  5803  6670  7451  7425  8717  7560  6456  5641  5044  4587  3819  2867  1980  1170   529   228    63    45    32    23
 76.1     2871  2986  5166  5936  6746  7414  7228  8558  7488  6496  5643  5042  4644  3833  2885  2006  1191   532   228    63    45    32    23
 72.4     2873  2923  5012  6038  6759  7357  7029  8362  7393  6502  5643  5067  4689  3840  2858  1996  1186   532   221    63    45    32    23
 68.7     2839  2894  4827  5952  6562  7198  6876  8050  7248  6400  5639  5107  4722  3841  2783  1939  1152   525   214    62    45    32    22
 64.9     2764  2905  4636  5660  6152  6925  6780  7623  7053  6186  5634  5160  4749  3844  2676  1836  1089   512   208    60    43    30    22
 61.2     2678  2908  4506  5357  5740  6631  6699  7205  6854  5965  5636  5238  4788  3869  2581  1719  1016   495   202    56    40    28    20
 57.5     2611  2857  4505  5234  5534  6408  6590  6920  6694  5842  5658  5356  4858  3935  2539  1614   946   476   194    50    36    25    18
 53.8     2549  2750  4559  5264  5539  6284  6473  6779  6588  5834  5701  5498  4948  4004  2527  1518   877   452   181    44    32    22    16
 50.1     2452  2613  4495  5291  5638  6254  6411  6728  6539  5906  5767  5633  5030  4002  2482  1412   795   416   164    41    30    21    15
 46.4     2296  2469  4187  5191  5740  6316  6449  6732  6552  6036  5861  5739  5077  3872  2353  1279   689   364   144    44    31    22    16
 42.7     2128  2356  3756  5004  5833  6439  6563  6802  6630  6227  6003  5833  5075  3662  2160  1119   569   302   123    49    35    25    18
 39.0     2021  2318  3380  4801  5922  6588  6709  6966  6781  6491  6226  5943  5005  3441  1936   935   446   238   103    53    38    27    19
 35.3     2004  2365  3151  4634  6013  6735  6859  7218  6995  6825  6537  6082  4868  3242  1706   738   331   181    85    53    38    27    19
 31.5     2030  2439  3008  4520  6110  6865  6999  7466  7222  7178  6897  6245  4709  3032  1481   554   233   131    70    51    37    26    18
 27.8     2050  2483  2890  4479  6219  6959  7118  7619  7410  7499  7265  6424  4572  2775  1273   412   162    93    56    48    35    25    17
 24.1     2050  2484  2774  4502  6326  7023  7238  7679  7553  7768  7601  6595  4469  2492  1090   315   117    66    44    45    32    23    16
 20.4     2042  2466  2664  4558  6405  7083  7411  7720  7678  7980  7862  6718  4397  2249   942   255    90    49    36    40    28    20    14
 16.7     2034  2450  2569  4623  6431  7160  7674  7805  7807  8135  8012  6761  4352  2103   836   223    75    43    32    34    24    17    12
 13.0     2033  2448  2493  4679  6423  7234  7942  7918  7931  8259  8089  6749  4330  2034   764   209    67    42    30    28    20    14    10
  9.3     2044  2470  2441  4715  6408  7277  8090  8016  8029  8392  8156  6723  4328  1999   711   204    64    43    30    24    17    12     9
  5.6     2064  2508  2411  4722  6417  7291  8081  8089  8089  8538  8242  6710  4343  1976   670   200    63    43    30    22    16    11     8
  1.9     2062  2503  2376  4714  6489  7364  8108  8191  8127  8633  8315  6704  4364  1980   650   196    64    43    30    22    16    11     8
 -1.9     2002  2391  2306  4707  6670  7594  8388  8383  8155  8600  8333  6694  4384  2034   662   190    64    43    30    23    17    12     8
 -5.6     1904  2198  2212  4695  6905  7937  8891  8642  8180  8453  8292  6675  4400  2133   704   187    64    44    31    25    18    13     9
 -9.3     1839  2044  2147  4652  7029  8195  9332  8849  8201  8295  8220  6644  4419  2242   758   199    64    45    32    27    20    14    10
-13.0     1872  2034  2159  4555  6895  8191  9451  8898  8218  8220  8143  6598  4445  2333   809   237    66    46    32    31    22    16    11
-16.7     1966  2116  2214  4415  6574  7972  9300  8814  8221  8203  8062  6545  4472  2409   860   291    71    48    31    37    26    19    13
-20.4     2047  2176  2245  4258  6220  7676  9049  8675  8201  8176  7970  6495  4488  2486   919   347    81    52    32    43    30    22    15
-24.1     2064  2140  2214  4103  5944  7400  8809  8528  8145  8094  7861  6457  4487  2575   991   395    97    59    36    49    35    25    17
-27.8     2049  2064  2161  3971  5738  7151  8566  8358  8039  7979  7751  6426  4483  2671  1072   441   118    72    43    54    39    27    19
-31.5     2041  2017  2141  3883  5580  6928  8288  8136  7869  7862  7655  6396  4495  2767  1155   496   143    91    52    57    41    29    20
-35.3     2050  2020  2158  3834  5450  6724  7970  7862  7637  7751  7571  6358  4522  2861  1243   563   174   116    65    57    41    29    21
-39.0     2048  2031  2155  3786  5321  6528  7649  7570  7379  7630  7471  6296  4547  2960  1349   641   212   143    78    57    41    29    20
-42.7     2006  2008  2079  3705  5171  6329  7361  7296  7128  7476  7327  6197  4552  3068  1487   730   258   169    91    57    40    29    20
-46.4     1928  1952  1951  3593  5010  6134  7117  7053  6896  7271  7131  6062  4531  3178  1644   826   313   193   105    56    40    29    20
-50.1     1834  1882  1834  3475  4869  5959  6918  6850  6687  6991  6884  5905  4486  3275  1796   923   374   219   120    56    40    28    20
-53.8     1742  1815  1775  3372  4772  5814  6752  6677  6495  6617  6580  5727  4417  3349  1927  1019   441   250   139    54    39    27    19
-57.5     1666  1762  1750  3294  4723  5673  6543  6451  6254  6161  6214  5506  4336  3403  2058  1115   513   290   158    51    37    26    18
-61.2     1623  1733  1724  3252  4724  5502  6198  6067  5883  5638  5775  5209  4251  3444  2218  1216   590   344   175    47    34    24    17
-64.9     1618  1729  1682  3246  4766  5298  5720  5530  5391  5082  5262  4821  4145  3457  2404  1324   674   412   192    42    30    21    15
-68.7     1629  1736  1643  3257  4811  5109  5273  5036  4940  4569  4699  4363  3952  3394  2553  1442   774   485   220    38    27    19    13
-72.4     1636  1742  1624  3264  4824  4985  5027  4785  4694  4177  4112  3852  3606  3204  2601  1574   898   555   271    34    25    17    12
-76.1     1636  1741  1625  3264  4804  4929  4971  4755  4628  3912  3564  3345  3183  2946  2564  1705  1029   613   329    32    23    16    12
-79.8     1633  1739  1632  3261  4771  4910  4975  4782  4582  3736  3158  2929  2864  2756  2514  1808  1124   649   360    30    21    15    11
-83.5     1632  1739  1635  3260  4742  4906  4942  4739  4443  3622  2977  2679  2789  2738  2505  1859  1153   656   338    26    19    13     9
-87.2     1632  1739  1633  3261  4723  4908  4890  4664  4285  3560  2944  2567  2850  2808  2520  1874  1143   647   296    23    17    12     8

OZONE         23      48        T31 ozone volume mixing ratios (ppb) for FEB      at  23 pressure levels (Pa)                                                                                                                           

            49    69    98   138   195   275   390   550   780  1100  1560  2200  3120  4400  6250  8800 12500 17600 25000 35800 50000 70700100000

 87.2     2652  3187  5338  5844  6920  7081  7917  8477  7406  6795  5737  5385  4716  3979  3157  2259  1251   623   230    70    50    35    25
 83.5     2650  3186  5433  5995  6915  7064  7811  8252  7303  6721  5632  5308  4729  4057  3224  2323  1284   633   236    70    50    36    25
 79.8     2654  3189  5513  6169  6924  7095  7685  7985  7172  6631  5506  5223  4744  4141  3300  2390  1322   643   245    70    51    36    25
 76.1     2665  3198  5543  6306  6954  7198  7571  7762  7041  6551  5403  5163  4758  4194  3348  2420  1345   647   252    70    50    35    25
 72.4     2667  3200  5643  6430  6959  7282  7433  7572  6900  6454  5333  5119  4769  4221  3342  2392  1342   648   258    69    50    35    25
 68.7     2638  3176  5970  6583  6883  7233  7218  7386  6728  6298  5301  5073  4780  4228  3251  2276  1299   647   260    67    48    34    24
 64.9     2571  3123  6457  6756  6740  7051  6954  7209  6543  6097  5309  5037  4798  4226  3086  2081  1217   644   257    63    45    32    23
 61.2     2481  3062  6691  6873  6657  6912  6795  7100  6421  5936  5359  5060  4845  4225  2921  1876  1115   632   246    59    42    30    21
 57.5     2384  3012  6250  6850  6760  6992  6895  7121  6444  5907  5451  5196  4942  4235  2828  1725  1011   605   225    54    39    27    19
 53.8     2297  2965  5287  6677  6991  7238  7180  7239  6593  5997  5573  5405  5058  4241  2788  1624   912   565   197    50    36    25    18
 50.1     2246  2901  4308  6386  7177  7451  7432  7361  6790  6133  5702  5587  5128  4206  2723  1526   818   513   169    49    36    25    18
 46.4     2244  2801  3703  6001  7182  7481  7483  7418  6974  6267  5829  5674  5102  4104  2571  1393   731   453   144    53    38    27    19
 42.7     2256  2686  3399  5580  7053  7377  7395  7437  7138  6442  6010  5733  5023  3950  2349  1223   638   384   124    57    41    29    20
 39.0     2231  2583  3219  5187  6871  7234  7278  7467  7282  6733  6323  5870  4953  3765  2083  1019   526   307   108    59    42    30    21
 35.3     2153  2511  3061  4860  6685  7109  7201  7532  7408  7149  6782  6123  4920  3555  1800   794   395   225    95    56    40    28    20
 31.5     2066  2470  2914  4590  6493  7012  7174  7608  7521  7576  7262  6401  4891  3304  1528   585   269   151    82    52    37    26    18
 27.8     2023  2465  2782  4371  6291  6951  7205  7670  7622  7894  7634  6607  4832  2990  1293   429   174    97    66    49    35    25    18
 24.1     2024  2475  2665  4198  6090  6921  7290  7725  7716  8077  7867  6715  4737  2644  1108   330   115    66    47    49    35    25    18
 20.4     2040  2467  2562  4069  5914  6910  7419  7806  7810  8175  8002  6750  4628  2345   972   267    82    49    33    48    34    24    17
 16.7     2043  2414  2473  3985  5785  6908  7581  7938  7907  8223  8072  6731  4521  2159   888   222    68    43    28    44    31    22    16
 13.0     2039  2347  2398  3935  5695  6909  7736  8086  8004  8250  8110  6688  4434  2064   841   189    64    42    28    38    27    19    14
  9.3     2043  2319  2336  3910  5630  6909  7832  8198  8093  8280  8150  6655  4385  2015   811   167    64    43    30    33    24    17    12
  5.6     2058  2346  2278  3901  5588  6911  7856  8246  8166  8322  8208  6649  4383  1988   789   154    62    43    30    31    22    16    11
  1.9     2057  2352  2200  3906  5601  6943  7893  8263  8205  8357  8257  6656  4407  1991   788   151    60    42    30    29    21    15    11
 -1.9     2010  2249  2071  3923  5707  7039  8041  8288  8190  8360  8268  6660  4438  2041   822   159    57    40    29    28    20    14    10
 -5.6     1924  2056  1920  3950  5873  7180  8288  8329  8130  8329  8237  6654  4465  2133   884   176    55    38    28    26    19    13    10
 -9.3     1847  1899  1837  3980  5992  7296  8509  8361  8062  8282  8184  6640  4485  2241   943   200    55    37    28    27    19    14    10
-13.0     1820  1890  1901  4008  5973  7322  8591  8359  8017  8234  8128  6620  4493  2342   973   226    60    39    28    30    22    15    11
-16.7     1829  1975  2047  4035  5894  7273  8523  8306  7979  8185  8070  6601  4492  2431   984   255    68    43    28    35    25    18    13
-20.4     1836  2030  2148  4061  5909  7190  8332  8182  7913  8130  8005  6590  4486  2508  1003   288    77    46    28    41    29    21    15
-24.1     1821  1983  2128  4088  6081  7106  8050  7982  7796  8063  7929  6589  4480  2573  1048   326    86    48    30    47    33    24    17
-27.8     1816  1905  2062  4115  6207  7025  7766  7757  7640  7975  7843  6573  4481  2638  1111   369   102    54    35    51    37    26    18
-31.5     1867  1891  2045  4142  6029  6953  7582  7563  7463  7854  7748  6513  4495  2717  1182   420   129    71    45    53    38    27    19
-35.3     1964  1956  2095  4169  5576  6892  7511  7415  7272  7702  7636  6409  4521  2812  1260   478   168    99    60    53    38    27    19
-39.0     2036  2022  2141  4195  5244  6846  7460  7278  7071  7543  7487  6299  4536  2914  1348   547   207   129    77    52    37    26    19
-42.7     2012  2014  2114  4222  5412  6818  7340  7117  6860  7393  7277  6217  4521  3016  1454   629   235   152    93    51    37    26    18
-46.4     1920  1948  2026  4249  5952  6796  7153  6932  6650  7216  7000  6136  4475  3105  1574   719   261   171   108    51    37    26    18
-50.1     1835  1883  1937  4276  6472  6762  6943  6740  6457  6945  6657  5995  4405  3172  1699   809   306   194   122    51    37    26    18
-53.8     1814  1864  1887  4299  6683  6699  6738  6548  6282  6529  6244  5745  4316  3206  1826   896   384   228   138    50    36    25    18
-57.5     1829  1874  1859  4299  6671  6599  6504  6315  6065  6011  5780  5395  4211  3216  1956   996   480   268   155    48    35    24    17
-61.2     1836  1887  1822  4254  6587  6456  6193  5986  5730  5448  5279  4961  4094  3214  2096  1129   574   309   175    46    33    23    17
-64.9     1823  1888  1783  4157  6484  6256  5796  5557  5268  4885  4753  4464  3952  3190  2236  1299   658   350   200    43    31    22    16
-68.7     1825  1885  1801  4033  6276  5980  5376  5112  4793  4357  4208  3953  3750  3102  2339  1475   748   400   229    40    29    20    14
-72.4     1877  1886  1944  3905  5869  5602  4996  4734  4419  3902  3653  3473  3452  2910  2369  1627   855   470   261    37    27    19    13
-76.1     1965  1918  2185  3789  5350  5170  4678  4437  4151  3540  3148  3064  3114  2672  2343  1738   965   546   290    34    24    17    12
-79.8     2038  2020  2436  3700  4939  4783  4423  4195  3924  3284  2802  2764  2862  2525  2320  1799  1045   600   304    31    22    16    11
-83.5     2059  2213  2622  3649  4807  4526  4239  3994  3695  3148  2697  2607  2793  2571  2343  1804  1067   611   296    28    20    14    10
-87.2     2048  2402  2729  3627  4842  4394  4130  3856  3515  3098  2731  2552  2830  2699  2384  1783  1055   598   278    26    18    13     9

OZONE         23      48        T31 ozone volume mixing ratios (ppb) for MAR      at  23 pressure levels (Pa)                                                                                                                           

            49    69    98   138   195   275   390   550   780  1100  1560  2200  3120  4400  6250  8800 12500 17600 25000 35800 50000 70700100000

 87.2     2447  3333  4378  5657  6670  5999  7666  8314  7283  6531  5892  5587  4845  4168  3164  2347  1378   713   287    74    53    37    27
 83.5     2445  3331  4406  5697  6675  6036  7570  8120  7190  6468  5672  5431  4859  4196  3204  2367  1382   724   310    76    54    38    27
 79.8     2450  3334  4612  5806  6665  6197  7426  7795  7041  6355  5437  5264  4872  4229  3251  2387  1384   740   338    77    56    39    28
 76.1     2465  3340  5053  6003  6636  6526  7259  7381  6850  6194  5288  5156  4873  4254  3285  2394  1379   758   359    78    56    40    28
 72.4     2467  3341  5448  6210  6631  6901  7112  7024  6652  6015  5212  5086  4846  4260  3294  2362  1360   776   373    78    56    39    28
 68.7     2428  3324  5439  6334  6707  7165  7034  6903  6483  5856  5176  5020  4776  4238  3263  2260  1317   787   376    76    55    39    27
 64.9     2347  3283  4943  6329  6861  7261  7048  7052  6380  5753  5174  4960  4678  4190  3192  2090  1249   789   368    74    53    38    27
 61.2     2265  3216  4281  6217  7000  7273  7136  7294  6379  5746  5235  4969  4616  4145  3102  1906  1165   776   349    71    51    36    25
 57.5     2223  3124  3765  6016  7033  7279  7285  7458  6524  5878  5391  5111  4654  4130  3013  1762  1075   743   319    65    47    33    23
 53.8     2224  3014  3456  5764  6979  7290  7450  7521  6776  6111  5612  5341  4766  4127  2919  1657   981   689   280    60    43    30    21
 50.1     2244  2901  3269  5513  6924  7274  7562  7545  7045  6358  5828  5542  4870  4093  2804  1560   883   616   237    57    41    29    21
 46.4     2265  2797  3140  5305  6929  7209  7570  7578  7260  6555  5996  5632  4905  3991  2647  1444   778   525   194    60    43    30    21
 42.7     2268  2692  3035  5126  6946  7129  7504  7616  7417  6742  6191  5688  4901  3844  2441  1295   665   425   155    64    46    32    23
 39.0     2229  2574  2928  4950  6899  7085  7409  7641  7526  6987  6523  5826  4910  3682  2175  1099   540   325   124    66    47    33    23
 35.3     2147  2447  2810  4763  6747  7090  7328  7655  7598  7316  7015  6094  4952  3517  1861   861   407   235   103    62    45    32    22
 31.5     2065  2344  2695  4572  6520  7099  7296  7694  7661  7674  7518  6416  4993  3324  1552   628   284   161    87    56    41    29    20
 27.8     2024  2305  2602  4384  6247  7062  7354  7796  7744  8005  7876  6708  4993  3073  1308   451   189   109    70    50    36    25    18
 24.1     2025  2315  2528  4211  5974  6984  7484  7945  7844  8270  8060  6916  4937  2785  1141   337   127    78    54    45    32    23    16
 20.4     2040  2321  2457  4071  5761  6914  7627  8080  7939  8443  8137  7000  4824  2524  1033   267    91    62    41    41    30    21    15
 16.7     2043  2279  2378  3980  5660  6893  7732  8149  8013  8498  8160  6929  4655  2344   971   224    74    53    35    40    29    20    15
 13.0     2039  2213  2299  3932  5639  6903  7794  8171  8078  8480  8173  6781  4483  2235   940   198    71    49    34    40    29    20    15
  9.3     2043  2169  2234  3911  5641  6908  7824  8186  8159  8451  8218  6668  4380  2172   926   178    72    48    34    39    28    20    14
  5.6     2056  2169  2193  3907  5633  6895  7839  8217  8259  8449  8307  6652  4379  2141   919   162    73    49    34    36    26    18    13
  1.9     2056  2179  2160  3911  5632  6894  7891  8255  8328  8455  8384  6676  4430  2143   922   156    73    49    33    33    23    17    12
 -1.9     2012  2157  2122  3914  5660  6940  8036  8288  8311  8448  8385  6674  4472  2186   937   168    71    46    31    29    21    15    10
 -5.6     1931  2100  2079  3913  5717  7035  8264  8316  8216  8411  8305  6629  4486  2263   962   198    67    41    29    27    19    14    10
 -9.3     1849  2039  2045  3913  5783  7144  8499  8354  8116  8338  8194  6576  4487  2348   988   232    64    37    26    27    19    13    10
-13.0     1804  2002  2037  3918  5838  7234  8668  8412  8075  8221  8095  6547  4488  2420  1007   261    64    38    25    29    21    15    11
-16.7     1802  2000  2069  3940  5877  7292  8743  8456  8067  8091  8006  6534  4489  2477  1023   285    67    41    25    35    25    17    12
-20.4     1844  2035  2156  3993  5899  7308  8708  8428  8031  7992  7904  6520  4487  2528  1043   310    73    46    26    40    29    20    15
-24.1     1922  2103  2296  4087  5919  7282  8554  8291  7923  7945  7776  6490  4477  2577  1074   342    84    51    29    46    33    23    16
-27.8     2005  2162  2419  4203  5998  7246  8327  8075  7752  7888  7639  6444  4463  2623  1132   386   103    58    35    49    36    25    18
-31.5     2056  2166  2442  4326  6212  7239  8074  7816  7530  7743  7515  6381  4449  2664  1232   449   135    72    44    51    37    26    18
-35.3     2064  2109  2358  4441  6545  7268  7830  7545  7273  7503  7400  6303  4433  2705  1371   529   179    93    56    51    37    26    18
-39.0     2047  2042  2261  4541  6859  7303  7615  7297  7008  7246  7260  6210  4403  2755  1520   614   227   118    70    50    36    25    18
-42.7     2025  2014  2238  4617  7022  7314  7451  7103  6759  7041  7060  6102  4349  2826  1654   691   271   143    84    49    35    25    18
-46.4     2016  2020  2284  4672  7048  7291  7323  6952  6539  6863  6786  5973  4269  2913  1771   762   312   168    97    49    35    25    18
-50.1     2042  2029  2349  4711  7025  7234  7202  6814  6355  6629  6432  5813  4163  3002  1883   831   357   194   108    49    36    25    18
-53.8     2114  2029  2407  4741  7007  7134  7053  6657  6201  6275  5990  5605  4032  3080  1998   909   410   220   118    51    36    26    18
-57.5     2200  2076  2514  4767  6956  6967  6832  6439  6024  5830  5487  5296  3873  3121  2115  1012   470   246   128    53    38    27    19
-61.2     2259  2251  2751  4791  6808  6697  6481  6113  5755  5330  4946  4819  3684  3096  2230  1166   533   273   141    58    41    29    21
-64.9     2271  2549  3128  4816  6543  6327  6000  5677  5379  4815  4402  4203  3477  3002  2328  1361   599   302   156    64    46    32    23
-68.7     2254  2830  3538  4844  6222  5923  5484  5213  4973  4336  3907  3646  3291  2882  2378  1532   667   339   170    66    47    33    23
-72.4     2228  2953  3876  4875  5903  5552  5029  4802  4612  3946  3516  3347  3166  2778  2343  1612   737   389   179    58    42    30    21
-76.1     2214  2934  4134  4906  5630  5233  4668  4467  4301  3641  3251  3269  3084  2701  2250  1613   805   446   184    44    32    23    16
-79.8     2241  2899  4373  4927  5443  4960  4398  4196  3994  3379  3113  3212  2988  2640  2164  1597   865   497   191    31    22    16    11
-83.5     2326  2941  4629  4932  5375  4736  4220  3987  3669  3138  3103  3029  2842  2589  2136  1610   910   530   205    25    18    13     9
-87.2     2418  3016  4836  4929  5377  4586  4125  3854  3411  2960  3151  2821  2704  2555  2145  1637   937   545   219    24    17    12     9

OZONE         23      48        T31 ozone volume mixing ratios (ppb) for APR      at  23 pressure levels (Pa)                                                                                                                           

            49    69    98   138   195   275   390   550   780  1100  1560  2200  3120  4400  6250  8800 12500 17600 25000 35800 50000 70700100000

 87.2     2041  2610  3384  5073  5155  5651  6420  7242  6637  5729  5723  5544  4921  4132  3064  2236  1178   775   344    70    50    36    25
 83.5     2041  2612  3454  5073  5252  5712  6435  7116  6535  5732  5570  5392  4870  4120  3135  2254  1232   781   369    73    52    37    26
 79.8     2041  2608  3581  5072  5394  5827  6406  6893  6402  5727  5380  5218  4804  4114  3203  2248  1282   784   393    76    55    39    27
 76.1     2041  2595  3751  5069  5561  5999  6313  6600  6275  5706  5214  5088  4739  4119  3228  2195  1295   779   405    80    58    41    29
 72.4     2041  2593  3874  5069  5755  6213  6250  6382  6182  5669  5095  4998  4680  4113  3218  2113  1278   771   405    84    60    42    30
 68.7     2041  2627  3840  5077  5986  6452  6340  6416  6152  5614  5041  4934  4631  4068  3186  2026  1241   766   396    84    60    43    30
 64.9     2041  2693  3628  5088  6225  6688  6611  6735  6205  5572  5073  4903  4600  3986  3138  1944  1189   763   380    81    58    41    29
 61.2     2041  2747  3351  5083  6389  6871  6946  7148  6343  5626  5209  4944  4603  3919  3069  1853  1122   749   355    77    55    39    28
 57.5     2041  2742  3119  5037  6391  6946  7234  7474  6576  5863  5474  5099  4657  3915  2973  1739  1037   709   319    72    52    37    26
 53.8     2041  2683  2961  4955  6272  6937  7438  7678  6871  6238  5818  5328  4741  3947  2851  1603   940   645   275    69    49    35    25
 50.1     2041  2611  2859  4858  6156  6909  7562  7815  7172  6627  6146  5541  4807  3934  2708  1458   843   570   233    67    48    34    24
 46.4     2041  2552  2802  4759  6131  6912  7607  7921  7431  6936  6392  5675  4821  3815  2544  1311   751   493   198    68    48    34    24
 42.7     2041  2502  2771  4653  6153  6921  7596  7988  7639  7202  6630  5789  4810  3641  2348  1156   655   412   168    69    49    35    25
 39.0     2041  2447  2749  4528  6144  6897  7548  7994  7794  7498  6971  5972  4812  3485  2101   984   542   328   140    70    50    35    25
 35.3     2040  2385  2720  4383  6066  6825  7488  7943  7898  7842  7443  6263  4845  3379  1810   794   409   243   113    69    49    35    25
 31.5     2041  2333  2677  4249  5949  6749  7443  7904  7980  8165  7916  6594  4889  3279  1534   612   284   167    89    65    47    33    23
 27.8     2042  2309  2612  4153  5827  6712  7443  7947  8062  8386  8246  6897  4918  3137  1338   464   192   115    70    57    41    29    21
 24.1     2043  2311  2531  4098  5722  6715  7489  8062  8143  8498  8408  7120  4913  2946  1223   356   138    85    56    47    34    24    17
 20.4     2041  2318  2456  4062  5647  6727  7556  8173  8201  8543  8460  7225  4851  2729  1144   279   107    69    47    40    29    20    14
 16.7     2036  2316  2405  4028  5615  6722  7624  8218  8217  8554  8450  7175  4717  2508  1068   230    88    60    41    39    28    20    14
 13.0     2034  2313  2371  3999  5620  6715  7676  8208  8209  8550  8417  7032  4557  2314   999   199    76    54    37    41    29    21    15
  9.3     2044  2323  2341  3984  5648  6734  7692  8175  8206  8545  8396  6884  4438  2187   954   178    72    51    36    42    30    21    15
  5.6     2064  2346  2306  3987  5688  6793  7673  8139  8220  8542  8405  6786  4399  2149   943   166    71    50    36    38    27    19    14
  1.9     2062  2344  2267  3990  5728  6871  7669  8106  8221  8523  8409  6719  4409  2175   952   170    72    49    35    33    24    17    12
 -1.9     2002  2271  2222  3975  5756  6944  7739  8078  8174  8464  8371  6662  4438  2242   968   202    71    46    32    29    21    15    10
 -5.6     1903  2142  2178  3955  5789  7009  7884  8064  8090  8366  8282  6606  4465  2329   985   256    66    41    25    26    19    13     9
 -9.3     1839  2039  2147  3973  5871  7076  8047  8082  8020  8250  8165  6554  4485  2417  1004   305    64    37    20    26    19    13     9
-13.0     1873  2033  2140  4070  6043  7156  8178  8143  8010  8135  8039  6513  4492  2486  1027   330    67    37    20    29    21    15    10
-16.7     1969  2101  2171  4217  6257  7232  8239  8199  8028  8020  7908  6474  4490  2539  1056   339    75    41    23    34    25    17    12
-20.4     2046  2182  2258  4362  6424  7275  8193  8172  8006  7894  7773  6426  4487  2584  1093   355    85    46    26    40    28    20    14
-24.1     2054  2236  2404  4476  6501  7270  8024  8013  7895  7748  7632  6363  4489  2630  1141   396    97    52    28    44    32    22    16
-27.8     2039  2283  2569  4604  6577  7261  7807  7780  7706  7574  7475  6301  4496  2686  1210   457   114    60    31    47    34    24    17
-31.5     2055  2351  2702  4807  6765  7295  7627  7539  7450  7360  7292  6259  4509  2763  1310   533   141    76    37    48    35    24    17
-35.3     2123  2451  2815  5085  7072  7376  7510  7325  7154  7105  7082  6228  4523  2857  1439   619   181    98    49    48    35    24    17
-39.0     2217  2572  2989  5366  7372  7446  7414  7138  6867  6814  6858  6166  4523  2946  1578   704   232   125    62    47    34    24    17
-42.7     2314  2704  3306  5579  7541  7446  7295  6977  6632  6494  6630  6025  4496  3004  1710   783   293   155    76    47    34    24    17
-46.4     2396  2824  3714  5716  7555  7369  7133  6820  6432  6176  6382  5787  4424  3024  1830   857   359   186    88    47    34    24    17
-50.1     2450  2900  4090  5799  7431  7232  6916  6631  6211  5903  6081  5444  4290  2999  1939   934   426   220   100    47    34    24    17
-53.8     2464  2910  4343  5838  7186  7040  6633  6378  5935  5700  5701  4992  4082  2929  2036  1021   490   255   112    46    33    23    17
-57.5     2456  2896  4507  5832  6877  6776  6288  6063  5637  5498  5269  4489  3834  2843  2129  1128   555   292   123    45    33    23    16
-61.2     2447  2909  4632  5769  6567  6412  5886  5687  5363  5206  4818  4004  3593  2778  2224  1266   624   327   133    45    33    23    16
-64.9     2445  2965  4749  5649  6284  5971  5446  5269  5129  4795  4367  3579  3387  2748  2318  1428   696   359   143    46    33    23    16
-68.7     2448  3027  4860  5495  6004  5567  5016  4862  4899  4342  3915  3223  3231  2739  2396  1574   758   390   151    44    32    22    16
-72.4     2450  3058  4961  5329  5702  5317  4643  4518  4633  3922  3464  2950  3137  2738  2438  1661   799   420   158    40    29    20    14
-76.1     2450  3056  5046  5178  5398  5199  4344  4243  4327  3567  3069  2764  3081  2735  2442  1693   826   449   166    34    24    17    12
-79.8     2449  3044  5100  5076  5141  5099  4114  4013  3995  3287  2828  2662  3003  2728  2411  1704   861   476   175    28    20    14    10
-83.5     2449  3040  5114  5049  4974  4937  3957  3814  3661  3092  2813  2646  2868  2713  2350  1718   919   498   189    24    17    12     8
-87.2     2449  3042  5107  5063  4890  4779  3868  3675  3408  2982  2906  2670  2735  2698  2291  1734   974   513   200    21    15    11     8

OZONE         23      48        T31 ozone volume mixing ratios (ppb) for MAY      at  23 pressure levels (Pa)                                                                                                                           

            49    69    98   138   195   275   390   550   780  1100  1560  2200  3120  4400  6250  8800 12500 17600 25000 35800 50000 70700100000

 87.2     1838  2320  2336  4133  4859  5455  5380  5629  5426  4895  5146  4640  4266  3774  2880  1708   914   927   400    88    64    45    32
 83.5     1841  2323  2319  4137  4839  5457  5373  5618  5391  4872  5173  4647  4272  3776  2881  1697   904   937   400    92    66    47    33
 79.8     1836  2318  2351  4129  4877  5454  5386  5639  5458  4915  5121  4635  4261  3772  2880  1719   923   918   400    95    68    48    34
 76.1     1821  2305  2467  4104  5022  5457  5447  5731  5701  5070  4938  4592  4225  3759  2874  1798   990   850   398    95    68    48    34
 72.4     1818  2302  2600  4073  5236  5525  5600  5914  6002  5264  4737  4543  4184  3740  2861  1886  1066   763   390    92    66    46    33
 68.7     1858  2337  2663  4053  5468  5733  5898  6217  6210  5403  4664  4519  4163  3720  2838  1925  1101   697   372    88    63    45    31
 64.9     1940  2406  2631  4049  5665  6071  6333  6625  6289  5478  4780  4549  4183  3701  2803  1890  1077   667   343    84    60    42    30
 61.2     2022  2459  2568  4055  5753  6395  6788  7051  6363  5606  5023  4661  4252  3682  2755  1807  1021   652   311    80    57    40    29
 57.5     2060  2446  2534  4063  5658  6562  7151  7413  6560  5904  5338  4886  4382  3661  2692  1698   958   634   280    75    54    38    27
 53.8     2057  2382  2537  4067  5438  6580  7400  7691  6877  6343  5695  5183  4543  3635  2602  1571   893   603   251    71    51    36    25
 50.1     2041  2320  2551  4058  5235  6546  7561  7904  7234  6807  6079  5470  4677  3599  2468  1425   818   553   221    68    49    35    25
 46.4     2035  2300  2554  4033  5159  6534  7653  8060  7566  7200  6481  5684  4741  3548  2279  1257   725   481   186    68    49    34    24
 42.7     2038  2309  2552  4002  5184  6540  7692  8156  7849  7525  6888  5846  4763  3492  2065  1077   616   395   151    69    49    35    25
 39.0     2042  2321  2552  3982  5251  6546  7687  8180  8065  7799  7290  5998  4784  3442  1870   892   492   305   120    70    50    36    25
 35.3     2042  2323  2557  3979  5322  6541  7648  8142  8209  8030  7667  6169  4823  3391  1711   715   362   221    98    71    51    36    25
 31.5     2041  2320  2556  3983  5374  6541  7590  8097  8304  8213  7979  6364  4861  3300  1570   562   248   152    81    69    49    35    25
 27.8     2041  2318  2538  3987  5387  6559  7528  8103  8368  8338  8177  6590  4877  3123  1428   455   176   109    69    63    45    32    23
 24.1     2041  2319  2501  3987  5376  6591  7474  8153  8404  8410  8275  6826  4868  2883  1287   390   145    90    60    54    39    27    19
 20.4     2041  2319  2454  3986  5381  6617  7438  8182  8401  8451  8328  7027  4843  2657  1170   345   130    81    53    46    33    23    16
 16.7     2041  2316  2405  3986  5439  6622  7431  8143  8349  8474  8378  7152  4810  2509  1098   306   113    71    46    39    28    20    14
 13.0     2041  2315  2364  3987  5540  6628  7437  8061  8269  8475  8410  7185  4756  2421  1060   267    95    60    40    36    26    18    13
  9.3     2041  2321  2346  3985  5667  6666  7434  7989  8191  8446  8387  7113  4660  2349  1036   229    81    52    37    34    24    17    12
  5.6     2041  2334  2352  3980  5794  6746  7416  7954  8129  8383  8294  6942  4522  2275  1016   196    75    49    36    33    24    17    12
  1.9     2041  2333  2355  3980  5883  6820  7416  7929  8059  8308  8184  6745  4399  2228  1010   185    75    48    36    32    23    16    11
 -1.9     2040  2293  2328  3996  5887  6832  7474  7880  7955  8243  8114  6604  4359  2247  1031   214    76    46    34    30    21    15    11
 -5.6     2039  2225  2276  4035  5844  6794  7584  7815  7837  8186  8082  6536  4403  2327  1073   277    79    43    29    27    19    14    10
 -9.3     2040  2177  2244  4110  5872  6790  7699  7780  7770  8110  8030  6505  4475  2426  1114   338    83    40    25    26    19    13     9
-13.0     2046  2192  2276  4233  6081  6891  7772  7817  7813  7991  7907  6478  4525  2504  1133   368    89    39    23    28    20    14    10
-16.7     2050  2255  2358  4396  6401  7059  7773  7871  7902  7835  7729  6445  4555  2563  1139   379    97    41    23    33    24    17    12
-20.4     2038  2326  2460  4587  6693  7214  7676  7844  7917  7662  7545  6404  4588  2620  1155   402   105    46    26    38    27    19    14
-24.1     2011  2380  2571  4797  6870  7301  7477  7681  7781  7479  7386  6357  4636  2688  1200   457   114    56    31    43    30    22    15
-27.8     2010  2430  2726  5016  6995  7352  7277  7461  7549  7256  7251  6323  4694  2767  1279   537   135    72    37    45    32    23    16
-31.5     2084  2493  2976  5237  7150  7408  7189  7281  7290  6953  7131  6324  4750  2857  1400   631   185    96    42    46    33    23    17
-35.3     2237  2583  3372  5483  7355  7478  7228  7170  7040  6583  7010  6338  4796  2953  1554   730   260   127    47    45    32    23    16
-39.0     2407  2710  3970  5821  7547  7524  7281  7070  6806  6223  6851  6288  4822  3045  1717   827   340   161    54    44    31    22    16
-42.7     2537  2882  4829  6313  7664  7508  7235  6925  6586  5949  6617  6091  4815  3123  1863   915   404   193    63    43    31    22    15
-46.4     2616  3062  5784  6856  7668  7405  7054  6700  6344  5742  6303  5756  4754  3184  1985   995   452   222    73    43    31    22    16
-50.1     2654  3191  6546  7253  7533  7193  6733  6371  6015  5540  5918  5329  4610  3228  2082  1070   497   245    84    44    32    22    16
-53.8     2659  3224  6894  7353  7236  6853  6272  5928  5570  5293  5474  4849  4364  3251  2156  1142   549   262    95    45    32    23    16
-57.5     2653  3203  6924  7213  6843  6424  5749  5464  5140  5013  5010  4358  4064  3240  2216  1218   604   277   106    47    33    24    17
-61.2     2656  3186  6774  6918  6428  5948  5254  5094  4900  4721  4571  3900  3768  3176  2277  1302   657   297   115    50    36    26    18
-64.9     2670  3193  6531  6528  6027  5468  4835  4853  4872  4431  4174  3507  3513  3061  2342  1398   706   323   124    55    40    28    20
-68.7     2666  3196  6236  6099  5632  5039  4477  4649  4841  4147  3793  3199  3302  2937  2408  1498   747   352   135    57    41    29    21
-72.4     2612  3161  5920  5677  5233  4722  4167  4388  4587  3872  3406  3001  3140  2844  2471  1596   780   383   150    52    37    26    19
-76.1     2524  3099  5607  5317  4870  4514  3911  4086  4148  3613  3048  2893  3016  2793  2524  1682   811   414   167    41    30    21    15
-79.8     2452  3046  5322  5081  4624  4371  3726  3830  3737  3377  2798  2822  2907  2773  2559  1742   856   444   178    31    23    16    11
-83.5     2431  3031  5090  5019  4559  4266  3629  3691  3525  3175  2719  2754  2800  2777  2568  1764   925   473   178    27    20    14    10
-87.2     2442  3038  4939  5052  4594  4199  3594  3643  3465  3038  2739  2698  2717  2790  2563  1764   988   494   172    28    20    14    10

OZONE         23      48        T31 ozone volume mixing ratios (ppb) for JUN      at  23 pressure levels (Pa)                                                                                                                           

            49    69    98   138   195   275   390   550   780  1100  1560  2200  3120  4400  6250  8800 12500 17600 25000 35800 50000 70700100000

 87.2     1634  2030  2151  3617  4887  5280  5141  5128  5014  4628  4490  3783  3493  3214  2574  1489   869   770   421    85    61    43    30
 83.5     1637  2032  2185  3606  4933  5307  5188  5244  5063  4744  4493  3818  3498  3303  2617  1527   886   742   412    88    63    44    31
 79.8     1632  2028  2250  3626  4976  5348  5261  5370  5133  4870  4486  3867  3529  3365  2658  1571   905   708   399    91    65    46    33
 76.1     1617  2018  2343  3697  4994  5404  5362  5465  5216  4958  4465  3920  3596  3338  2674  1603   920   678   383    93    67    47    33
 72.4     1614  2016  2425  3790  5006  5487  5509  5591  5336  5049  4461  3988  3675  3267  2669  1626   931   649   362    93    67    47    33
 68.7     1653  2044  2448  3862  5044  5618  5734  5835  5530  5203  4517  4085  3737  3213  2646  1641   938   619   332    91    65    46    33
 64.9     1735  2101  2406  3898  5109  5790  6044  6218  5809  5446  4664  4225  3779  3206  2608  1641   938   585   295    87    62    44    31
 61.2     1817  2160  2355  3911  5168  5955  6410  6667  6155  5752  4919  4420  3844  3235  2552  1604   918   547   256    83    59    42    30
 57.5     1859  2189  2352  3914  5185  6068  6802  7110  6553  6101  5304  4686  3972  3287  2472  1507   863   506   221    78    56    40    28
 53.8     1858  2189  2394  3914  5164  6131  7168  7502  6970  6484  5780  4999  4148  3340  2369  1360   779   460   191    75    54    38    27
 50.1     1837  2174  2448  3913  5129  6180  7431  7811  7362  6898  6269  5310  4323  3364  2244  1197   683   411   165    72    52    36    26
 46.4     1816  2159  2486  3913  5102  6241  7536  8010  7689  7331  6709  5581  4456  3335  2097  1045   586   355   140    69    50    35    25
 42.7     1814  2158  2520  3914  5102  6311  7552  8127  7943  7715  7084  5811  4555  3282  1944   900   489   296   118    67    48    34    24
 39.0     1853  2185  2566  3912  5146  6383  7577  8199  8116  7956  7382  6005  4637  3242  1803   755   387   232    99    65    47    33    23
 35.3     1934  2243  2625  3909  5238  6452  7647  8248  8211  8024  7603  6174  4705  3224  1680   611   284   168    83    62    45    32    22
 31.5     2017  2301  2658  3910  5345  6519  7696  8272  8257  8008  7766  6338  4742  3178  1559   491   200   117    72    60    43    30    21
 27.8     2059  2332  2622  3922  5431  6583  7652  8264  8283  8001  7887  6515  4728  3049  1421   420   156    90    65    57    41    29    20
 24.1     2058  2332  2534  3946  5491  6648  7535  8231  8292  8032  7970  6688  4675  2853  1280   393   146    85    61    54    38    27    19
 20.4     2042  2320  2455  3981  5534  6719  7441  8187  8274  8084  8011  6810  4620  2655  1169   387   145    86    57    49    35    25    18
 16.7     2035  2313  2433  4024  5571  6798  7448  8145  8216  8144  8005  6839  4593  2514  1118   381   131    78    49    44    31    22    16
 13.0     2037  2313  2446  4056  5608  6871  7517  8110  8137  8184  7973  6807  4577  2421  1107   371   110    65    41    38    27    19    14
  9.3     2041  2321  2446  4053  5650  6914  7570  8088  8064  8174  7945  6766  4541  2351  1102   354    94    56    35    33    24    17    12
  5.6     2043  2331  2409  4017  5708  6925  7568  8072  8007  8101  7932  6746  4474  2294  1086   335    88    53    33    32    23    16    11
  1.9     2042  2330  2363  4018  5814  6949  7557  8036  7936  8001  7910  6724  4409  2267  1072   325    88    53    33    31    22    16    11
 -1.9     2039  2299  2339  4136  6006  7036  7587  7948  7819  7915  7846  6675  4388  2295  1079   342    87    48    30    30    21    15    11
 -5.6     2037  2242  2342  4363  6266  7164  7646  7815  7674  7852  7739  6597  4418  2374  1109   380    84    40    25    28    20    14    10
 -9.3     2039  2183  2347  4599  6521  7237  7653  7678  7572  7787  7619  6515  4475  2470  1146   416    83    34    21    26    19    13     9
-13.0     2050  2147  2338  4754  6708  7171  7536  7574  7576  7700  7510  6449  4538  2557  1175   428    91    37    19    28    20    14    10
-16.7     2057  2144  2328  4810  6847  7040  7347  7497  7632  7584  7407  6400  4599  2635  1206   433   105    46    22    32    23    16    12
-20.4     2037  2180  2352  4774  6992  6984  7193  7428  7636  7436  7294  6359  4653  2714  1255   460   122    58    27    37    27    19    14
-24.1     1989  2262  2454  4685  7175  7091  7147  7355  7527  7254  7163  6319  4700  2803  1334   529   142    73    34    43    31    22    15
-27.8     1987  2381  2705  4709  7354  7278  7184  7286  7377  7044  7041  6268  4759  2898  1443   623   173    93    42    46    33    23    17
-31.5     2115  2528  3202  5044  7478  7440  7271  7237  7277  6808  6960  6192  4852  2995  1581   723   225   121    52    48    34    24    17
-35.3     2367  2693  3964  5706  7537  7526  7357  7198  7235  6549  6903  6086  4975  3093  1738   817   296   159    64    46    33    23    17
-39.0     2607  2856  4914  6467  7576  7537  7360  7124  7157  6265  6787  5952  5088  3196  1895   907   375   201    76    44    32    23    16
-42.7     2709  2999  5979  7114  7634  7474  7197  6972  6952  5955  6525  5785  5150  3310  2033   994   447   243    90    44    32    22    16
-46.4     2693  3113  6958  7540  7668  7337  6899  6744  6642  5620  6122  5556  5127  3409  2151  1082   510   282   104    45    32    23    16
-50.1     2652  3190  7559  7680  7585  7120  6555  6465  6312  5263  5627  5216  4978  3455  2250  1179   565   313   116    46    33    23    16
-53.8     2654  3221  7571  7491  7318  6820  6226  6150  6013  4888  5080  4740  4678  3418  2337  1289   615   334   124    46    33    23    17
-57.5     2666  3213  7187  7103  6919  6454  5900  5807  5691  4513  4546  4220  4297  3337  2414  1407   661   346   127    46    33    24    17
-61.2     2635  3171  6659  6673  6460  6040  5543  5438  5266  4159  4094  3778  3918  3263  2488  1529   708   350   128    47    34    24    17
-64.9     2550  3108  6153  6283  5989  5609  5151  5053  4737  3848  3747  3470  3597  3218  2556  1647   754   351   127    49    35    25    18
-68.7     2467  3054  5732  5924  5537  5214  4754  4675  4243  3608  3445  3262  3352  3190  2601  1752   796   355   127    49    35    25    18
-72.4     2442  3040  5454  5580  5138  4911  4386  4333  3928  3472  3130  3123  3201  3166  2607  1832   825   367   131    46    33    23    17
-76.1     2459  3052  5283  5279  4821  4701  4077  4044  3786  3413  2831  3029  3125  3141  2597  1885   846   386   136    40    29    20    14
-79.8     2452  3045  5114  5080  4622  4553  3856  3828  3721  3367  2635  2958  3080  3115  2620  1914   867   397   134    33    24    17    12
-83.5     2373  2989  4878  5027  4571  4446  3749  3702  3659  3288  2606  2897  3033  3091  2711  1919   892   394   121    27    20    14    10
-87.2     2278  2922  4661  5055  4598  4381  3719  3647  3606  3208  2664  2853  2993  3073  2813  1912   913   385   105    24    17    12     9

OZONE         23      48        T31 ozone volume mixing ratios (ppb) for JUL      at  23 pressure levels (Pa)                                                                                                                           

            49    69    98   138   195   275   390   550   780  1100  1560  2200  3120  4400  6250  8800 12500 17600 25000 35800 50000 70700100000

 87.2     1634  2032  2154  3277  4730  5114  5013  4832  4645  4314  4064  3459  3258  3180  2551  1485   765   592   333    60    43    31    22
 83.5     1637  2036  2193  3334  4772  5189  5060  5144  4745  4448  4143  3493  3227  3173  2523  1509   782   564   334    62    44    31    22
 79.8     1632  2028  2249  3411  4824  5278  5133  5430  4880  4599  4222  3549  3205  3158  2495  1535   801   545   332    64    46    32    23
 76.1     1617  2004  2307  3490  4876  5357  5233  5529  5024  4718  4265  3628  3216  3133  2479  1554   814   552   324    65    47    33    23
 72.4     1614  1999  2346  3571  4952  5448  5399  5564  5191  4844  4309  3733  3259  3106  2476  1564   823   562   308    66    48    34    24
 68.7     1653  2062  2336  3653  5080  5584  5686  5715  5406  5036  4402  3874  3331  3084  2484  1570   831   546   280    67    48    34    24
 64.9     1735  2189  2284  3736  5247  5767  6092  6050  5685  5322  4582  4063  3432  3071  2488  1562   836   495   242    68    49    34    24
 61.2     1817  2300  2245  3815  5370  5949  6530  6485  6026  5684  4873  4310  3567  3061  2457  1517   821   433   203    69    49    35    25
 57.5     1859  2317  2274  3889  5364  6081  6914  6937  6432  6107  5304  4633  3746  3048  2355  1407   768   385   173    69    50    35    25
 53.8     1858  2252  2359  3949  5265  6170  7214  7358  6873  6558  5837  5002  3953  3039  2196  1244   679   349   151    70    51    36    25
 50.1     1837  2176  2447  3985  5181  6252  7431  7719  7297  6989  6396  5355  4161  3045  2021  1062   563   308   132    72    52    36    26
 46.4     1816  2141  2497  3990  5193  6356  7564  7990  7658  7357  6912  5646  4347  3072  1863   888   432   250   114    73    53    37    26
 42.7     1814  2149  2526  3984  5270  6470  7645  8180  7937  7638  7339  5888  4500  3103  1729   732   309   187    98    73    53    37    26
 39.0     1853  2187  2564  3990  5355  6571  7711  8299  8114  7807  7627  6104  4608  3113  1620   604   220   136    85    70    50    35    25
 35.3     1934  2244  2620  4018  5417  6648  7777  8357  8188  7863  7761  6304  4668  3082  1530   508   179   106    77    62    44    31    22
 31.5     2017  2300  2655  4049  5467  6707  7818  8369  8205  7865  7810  6481  4684  3003  1437   440   163    90    71    54    39    27    19
 27.8     2059  2336  2628  4063  5518  6753  7805  8348  8206  7868  7836  6624  4662  2869  1320   401   155    80    64    50    36    25    18
 24.1     2058  2344  2547  4059  5574  6793  7749  8309  8208  7887  7862  6723  4613  2698  1188   383   147    74    57    48    35    24    17
 20.4     2042  2323  2458  4057  5634  6832  7696  8275  8206  7907  7883  6771  4557  2538  1081   376   137    69    51    47    34    24    17
 16.7     2035  2274  2397  4070  5693  6873  7682  8263  8194  7917  7892  6761  4508  2426  1028   371   127    64    47    43    31    22    15
 13.0     2038  2215  2363  4077  5736  6903  7692  8267  8170  7916  7890  6718  4459  2349  1014   364   116    61    46    37    27    19    13
  9.3     2041  2167  2344  4048  5741  6907  7690  8274  8133  7907  7883  6675  4392  2282  1008   353   107    59    46    33    24    17    12
  5.6     2043  2147  2332  3988  5723  6889  7666  8267  8078  7891  7870  6648  4310  2217   994   339   100    58    45    32    23    16    11
  1.9     2042  2157  2336  3994  5791  6921  7667  8225  8000  7873  7842  6621  4257  2187   993   334    94    55    43    32    23    16    11
 -1.9     2040  2199  2366  4177  6068  7082  7741  8120  7889  7855  7791  6571  4288  2236  1028   353    86    49    38    30    22    15    11
 -5.6     2038  2261  2413  4507  6515  7339  7852  7957  7758  7831  7714  6498  4399  2356  1098   392    79    40    30    28    20    14    10
 -9.3     2040  2313  2447  4814  6919  7543  7867  7779  7645  7785  7617  6422  4529  2489  1172   431    79    34    24    27    19    13    10
-13.0     2047  2327  2442  4941  7094  7561  7667  7619  7583  7704  7504  6363  4625  2585  1225   456    91    38    25    29    21    15    11
-16.7     2051  2319  2428  4919  7096  7439  7339  7480  7554  7586  7374  6315  4690  2655  1267   476   114    49    32    35    25    17    12
-20.4     2038  2320  2456  4848  7079  7296  7052  7349  7521  7437  7226  6267  4751  2738  1319   518   139    64    41    40    29    20    15
-24.1     2007  2354  2569  4812  7138  7213  6922  7228  7457  7261  7060  6208  4827  2856  1399   596   165    82    52    45    32    23    16
-27.8     2005  2417  2782  4881  7214  7176  6904  7144  7373  7070  6890  6137  4927  2982  1507   702   204   111    66    47    34    24    17
-31.5     2090  2502  3113  5130  7220  7157  6942  7134  7283  6872  6730  6055  5059  3082  1645   825   273   160    84    48    35    24    17
-35.3     2257  2604  3580  5551  7148  7142  6993  7160  7181  6667  6573  5957  5204  3153  1802   955   371   229   105    48    34    24    17
-39.0     2418  2720  4189  6031  7082  7130  7024  7081  7039  6435  6380  5835  5307  3225  1959  1081   476   300   125    47    34    24    17
-42.7     2489  2844  4949  6458  7100  7118  7006  6759  6824  6160  6112  5678  5312  3326  2096  1193   568   358   141    47    34    24    17
-46.4     2481  2960  5688  6746  7155  7073  6911  6288  6540  5853  5785  5476  5206  3435  2213  1298   643   396   152    48    34    24    17
-50.1     2448  3045  6128  6809  7125  6940  6711  5883  6209  5537  5440  5220  4993  3501  2323  1412   706   415   158    48    35    25    17
-53.8     2434  3079  6068  6590  6920  6678  6383  5692  5846  5232  5107  4899  4677  3488  2432  1547   759   414   157    49    35    25    17
-57.5     2439  3070  5699  6211  6580  6315  5978  5593  5473  4931  4778  4533  4300  3421  2534  1683   802   400   151    49    35    25    18
-61.2     2455  3025  5275  5819  6164  5890  5552  5411  5114  4624  4435  4141  3910  3335  2617  1794   832   379   140    51    37    26    18
-64.9     2471  2962  4936  5505  5718  5444  5140  5078  4780  4315  4082  3754  3551  3255  2675  1869   848   358   124    53    38    27    19
-68.7     2463  2909  4672  5277  5279  5035  4751  4684  4468  4039  3757  3430  3274  3195  2712  1912   855   340   109    53    38    27    19
-72.4     2407  2895  4469  5144  4883  4726  4390  4325  4175  3832  3499  3230  3134  3171  2729  1927   857   330    97    48    35    24    17
-76.1     2319  2907  4293  5088  4566  4517  4080  4037  3918  3683  3306  3138  3112  3174  2737  1926   858   326    92    39    28    20    14
-79.8     2248  2901  4095  5073  4366  4371  3856  3828  3727  3554  3150  3093  3139  3182  2751  1921   863   327    92    31    22    16    11
-83.5     2228  2844  3849  5070  4314  4265  3748  3704  3627  3416  3012  3049  3161  3176  2781  1923   877   328    98    27    19    14    10
-87.2     2238  2777  3637  5072  4342  4199  3719  3648  3594  3306  2913  3012  3171  3164  2813  1929   891   329   105    26    19    13     9

OZONE         23      48        T31 ozone volume mixing ratios (ppb) for AUG      at  23 pressure levels (Pa)                                                                                                                           

            49    69    98   138   195   275   390   550   780  1100  1560  2200  3120  4400  6250  8800 12500 17600 25000 35800 50000 70700100000

 87.2     1838  2175  2953  3631  4359  4736  4754  4577  4260  3760  3638  3289  3269  3059  2487  1433   656   507   221    53    38    27    19
 83.5     1841  2177  2900  3658  4391  4788  4798  4685  4360  3880  3697  3343  3268  3029  2467  1468   703   486   225    55    40    28    20
 79.8     1836  2173  2741  3698  4525  4920  4878  4827  4496  4067  3788  3413  3269  2999  2447  1502   746   465   228    58    42    29    21
 76.1     1821  2163  2467  3751  4804  5154  5002  4978  4645  4303  3905  3488  3274  2982  2436  1514   759   452   228    61    44    31    22
 72.4     1818  2161  2250  3834  5159  5445  5200  5180  4836  4578  4052  3589  3286  2977  2432  1510   749   439   221    64    46    33    23
 68.7     1858  2189  2313  3970  5504  5742  5515  5495  5114  4890  4241  3749  3313  2978  2433  1493   728   416   205    66    47    33    24
 64.9     1940  2248  2667  4150  5787  6017  5940  5927  5483  5234  4487  3981  3367  2980  2427  1461   701   378   179    66    48    34    24
 61.2     2022  2306  3007  4310  5999  6278  6395  6396  5891  5601  4808  4276  3474  2979  2391  1403   664   337   152    66    48    34    24
 57.5     2060  2332  3035  4389  6127  6533  6801  6824  6287  5986  5229  4625  3659  2971  2300  1303   610   300   130    67    48    34    24
 53.8     2057  2329  2798  4388  6176  6758  7141  7197  6664  6378  5730  5009  3897  2956  2158  1166   538   267   114    68    48    34    24
 50.1     2041  2319  2555  4349  6155  6907  7429  7537  7041  6763  6268  5399  4129  2933  1989  1005   451   228   100    68    49    35    24
 46.4     2035  2318  2505  4305  6075  6946  7672  7853  7423  7121  6794  5766  4306  2901  1811   832   350   180    88    69    49    35    25
 42.7     2038  2321  2584  4276  5968  6924  7859  8125  7765  7411  7231  6072  4428  2866  1642   668   253   130    78    68    49    35    25
 39.0     2042  2316  2672  4281  5875  6909  7971  8315  7999  7575  7481  6268  4504  2832  1501   536   185    94    70    67    48    34    24
 35.3     2042  2306  2698  4311  5813  6933  7999  8412  8103  7599  7516  6347  4540  2797  1395   450   155    79    65    65    47    33    23
 31.5     2041  2308  2674  4305  5764  6970  7971  8449  8135  7560  7458  6386  4551  2752  1311   399   145    74    62    61    44    31    22
 27.8     2041  2346  2614  4198  5712  6991  7911  8458  8153  7538  7427  6460  4549  2684  1238   375   142    73    57    56    40    28    20
 24.1     2041  2408  2535  4014  5661  6991  7847  8457  8177  7561  7464  6574  4539  2597  1172   367   137    72    53    49    35    25    18
 20.4     2041  2460  2457  3853  5640  6983  7820  8455  8203  7626  7552  6674  4522  2509  1124   364   129    69    48    41    30    21    15
 16.7     2041  2474  2397  3793  5670  6976  7858  8457  8221  7731  7674  6714  4496  2434  1099   358   118    64    45    34    24    17    12
 13.0     2041  2466  2360  3788  5721  6975  7922  8459  8222  7842  7802  6706  4460  2362  1086   345   106    57    43    27    19    14    10
  9.3     2041  2466  2346  3756  5744  6985  7948  8452  8198  7920  7899  6675  4413  2277  1067   325    94    50    39    22    16    11     8
  5.6     2041  2485  2352  3669  5723  7009  7915  8430  8140  7940  7943  6641  4361  2180  1036   302    84    43    35    21    15    10     8
  1.9     2041  2485  2355  3643  5718  7056  7909  8391  8059  7924  7937  6607  4342  2127  1018   291    75    36    30    21    15    11     8
 -1.9     2041  2422  2330  3811  5798  7135  8029  8331  7964  7893  7885  6576  4399  2179  1044   309    69    32    26    22    16    11     8
 -5.6     2041  2304  2283  4156  5975  7237  8246  8257  7877  7852  7795  6542  4521  2328  1113   353    66    31    25    24    17    12     9
 -9.3     2041  2190  2247  4510  6208  7331  8401  8178  7833  7789  7683  6491  4645  2495  1200   401    70    33    25    26    19    13    10
-13.0     2039  2136  2254  4724  6462  7388  8350  8104  7864  7692  7561  6410  4713  2610  1280   434    84    40    30    31    22    15    11
-16.7     2038  2140  2296  4833  6728  7412  8114  8013  7927  7571  7431  6311  4743  2690  1358   461   106    51    37    36    26    18    13
-20.4     2042  2179  2353  4943  7006  7419  7781  7872  7946  7440  7292  6218  4782  2786  1452   507   131    64    47    41    29    21    15
-24.1     2049  2236  2422  5123  7284  7420  7426  7664  7869  7310  7144  6147  4861  2933  1571   587   158    82    60    46    33    23    17
-27.8     2050  2293  2540  5328  7510  7419  7132  7440  7711  7176  7000  6103  4972  3114  1708   693   197   111    79    50    36    25    18
-31.5     2029  2332  2760  5497  7615  7417  6991  7262  7492  7026  6872  6089  5105  3308  1852   812   264   160   111    52    37    26    19
-35.3     2002  2364  3086  5601  7571  7402  7009  7152  7246  6855  6751  6090  5236  3497  1994   935   356   227   152    52    37    26    19
-39.0     2020  2432  3464  5648  7402  7340  7085  7086  7032  6654  6594  6064  5325  3664  2126  1054   454   296   188    51    37    26    18
-42.7     2134  2577  3845  5645  7119  7196  7121  7041  6905  6415  6363  5967  5331  3793  2241  1162   541   349   208    51    37    26    18
-46.4     2306  2761  4198  5612  6778  6980  7068  6963  6805  6154  6071  5784  5242  3877  2341  1263   614   383   211    51    36    26    18
-50.1     2452  2901  4497  5579  6454  6720  6891  6775  6608  5903  5761  5514  5058  3909  2434  1367   678   404   206    50    36    25    18
-53.8     2507  2939  4712  5556  6195  6433  6567  6423  6229  5679  5461  5154  4777  3883  2524  1477   736   413   197    50    36    25    18
-57.5     2489  2917  4813  5482  5945  6107  6157  5984  5766  5467  5155  4741  4438  3801  2604  1585   787   413   182    49    35    25    18
-61.2     2424  2895  4756  5273  5625  5716  5734  5555  5348  5240  4820  4314  4081  3665  2666  1675   828   406   156    49    35    25    17
-64.9     2338  2898  4535  4929  5222  5279  5337  5186  5028  4983  4457  3917  3745  3486  2708  1740   857   394   122    48    35    24    17
-68.7     2263  2903  4212  4587  4834  4880  4971  4858  4747  4700  4115  3603  3472  3300  2745  1791   876   380    91    46    33    24    17
-72.4     2229  2880  3847  4388  4563  4610  4638  4553  4443  4394  3845  3432  3306  3144  2790  1834   884   367    78    42    30    21    15
-76.1     2231  2828  3507  4337  4421  4463  4348  4267  4128  4089  3644  3379  3235  3029  2830  1872   887   357    81    36    26    18    13
-79.8     2244  2758  3274  4347  4361  4369  4114  4014  3859  3831  3472  3365  3206  2957  2834  1902   892   352    95    30    22    15    11
-83.5     2249  2684  3212  4353  4348  4277  3955  3808  3689  3658  3305  3329  3183  2930  2780  1921   902   356   113    26    19    13     9
-87.2     2246  2626  3245  4350  4355  4204  3867  3673  3607  3567  3178  3287  3163  2929  2712  1930   912   361   128    24    17    12     9

OZONE         23      48        T31 ozone volume mixing ratios (ppb) for SEP      at  23 pressure levels (Pa)                                                                                                                           

            49    69    98   138   195   275   390   550   780  1100  1560  2200  3120  4400  6250  8800 12500 17600 25000 35800 50000 70700100000

 87.2     2041  2465  4059  4378  4654  4915  4745  4479  3886  3475  3716  3305  3247  2912  2410  1532   649   378   145    46    33    23    17
 83.5     2041  2467  3980  4488  4790  4962  4774  4576  4030  3566  3816  3340  3277  2919  2438  1558   673   387   164    48    35    25    17
 79.8     2041  2463  3871  4648  4987  5103  4882  4739  4245  3741  3944  3385  3302  2925  2456  1575   692   396   181    52    37    26    19
 76.1     2041  2453  3755  4829  5214  5369  5104  4965  4503  4006  4068  3439  3309  2927  2443  1567   687   400   182    55    40    28    20
 72.4     2041  2451  3641  4993  5466  5706  5414  5247  4796  4328  4199  3543  3316  2929  2409  1535   672   398   173    58    41    29    21
 68.7     2041  2478  3534  5104  5746  6048  5778  5583  5122  4670  4356  3749  3351  2935  2370  1486   662   387   158    59    42    30    21
 64.9     2041  2535  3430  5147  6032  6360  6166  5958  5467  5015  4552  4061  3428  2946  2326  1423   658   365   142    58    42    29    21
 61.2     2041  2594  3312  5149  6258  6641  6547  6336  5797  5375  4785  4397  3543  2954  2257  1340   643   336   125    58    41    29    21
 57.5     2041  2627  3160  5132  6360  6891  6892  6679  6081  5761  5062  4682  3695  2952  2141  1232   597   298   110    59    43    30    21
 53.8     2041  2630  2994  5091  6375  7105  7187  6984  6345  6165  5398  4922  3867  2937  1991  1104   522   255    96    62    44    31    22
 50.1     2041  2610  2860  5003  6408  7269  7430  7265  6657  6562  5820  5174  4034  2910  1844   970   434   211    84    62    44    31    22
 46.4     2041  2570  2791  4853  6526  7368  7614  7532  7058  6931  6340  5476  4177  2872  1724   838   346   171    76    57    41    29    20
 42.7     2041  2513  2765  4678  6613  7389  7749  7769  7465  7241  6844  5779  4292  2828  1617   712   266   135    69    51    37    26    18
 39.0     2041  2443  2750  4529  6504  7314  7843  7954  7754  7458  7186  6006  4381  2783  1501   593   199   106    62    50    36    25    18
 35.3     2040  2368  2723  4424  6156  7151  7902  8077  7880  7570  7311  6134  4443  2738  1368   484   152    85    56    55    39    28    20
 31.5     2041  2321  2678  4325  5765  6971  7939  8157  7929  7622  7349  6227  4480  2686  1234   394   120    70    50    59    43    30    21
 27.8     2042  2337  2611  4191  5538  6846  7959  8211  7990  7655  7430  6354  4490  2616  1122   331   105    60    46    59    42    30    21
 24.1     2043  2400  2531  4037  5500  6794  7965  8248  8076  7688  7574  6506  4478  2531  1039   296    99    55    43    52    37    26    19
 20.4     2041  2460  2456  3921  5535  6797  7952  8271  8138  7723  7712  6616  4458  2442   981   279    97    51    40    44    32    22    16
 16.7     2036  2473  2404  3892  5548  6839  7915  8282  8133  7762  7791  6629  4436  2355   947   276    89    49    38    39    28    20    14
 13.0     2034  2462  2370  3910  5540  6888  7864  8282  8076  7798  7836  6595  4413  2272   927   276    79    47    37    37    26    19    13
  9.3     2044  2468  2341  3908  5541  6909  7811  8269  7997  7821  7901  6599  4385  2188   908   271    71    45    35    34    25    17    12
  5.6     2063  2501  2310  3863  5576  6891  7774  8243  7917  7826  8004  6678  4357  2113   889   258    65    45    33    32    23    16    11
  1.9     2061  2500  2270  3863  5668  6886  7785  8205  7847  7821  8077  6759  4363  2085   893   254    64    45    32    29    21    15    10
 -1.9     2003  2394  2215  4010  5842  6957  7882  8156  7801  7815  8042  6756  4441  2147   946   277    65    46    32    27    19    14    10
 -5.6     1905  2204  2160  4282  6057  7094  8059  8121  7797  7806  7898  6658  4585  2293  1043   326    70    48    33    26    19    13     9
 -9.3     1839  2046  2139  4532  6197  7220  8268  8147  7861  7781  7723  6525  4735  2459  1149   378    78    50    35    27    20    14    10
-13.0     1870  2024  2187  4632  6167  7268  8458  8276  8020  7728  7585  6410  4841  2593  1233   415    89    55    38    31    22    16    11
-16.7     1964  2100  2275  4648  6087  7284  8569  8437  8222  7657  7475  6325  4912  2700  1303   447   104    61    43    37    26    19    13
-20.4     2047  2180  2354  4727  6180  7360  8523  8509  8385  7583  7357  6268  4976  2809  1387   496   122    69    49    43    31    22    16
-24.1     2072  2201  2393  4953  6573  7547  8283  8411  8442  7516  7208  6233  5052  2943  1501   575   146    83    58    50    36    25    18
-27.8     2056  2185  2421  5229  7099  7761  7974  8201  8369  7450  7046  6213  5139  3111  1639   675   185   110    74    56    40    28    20
-31.5     2030  2169  2478  5429  7553  7894  7741  7949  8141  7378  6895  6198  5230  3319  1794   785   252   162   101    59    42    30    21
-35.3     2015  2187  2579  5506  7831  7913  7636  7707  7795  7290  6754  6176  5315  3551  1956   900   346   235   136    59    42    30    21
-39.0     2029  2276  2713  5512  7946  7870  7597  7513  7459  7175  6592  6132  5375  3753  2117  1021   451   305   169    57    41    29    21
-42.7     2090  2471  2872  5491  7900  7811  7566  7400  7249  7020  6378  6050  5390  3871  2266  1152   551   350   189    57    41    29    21
-46.4     2177  2716  3057  5462  7730  7714  7493  7321  7130  6833  6137  5927  5342  3912  2396  1284   637   371   197    57    41    29    21
-50.1     2246  2902  3272  5434  7480  7520  7327  7176  6982  6631  5925  5768  5203  3909  2498  1406   706   384   196    57    41    29    20
-53.8     2266  2952  3510  5402  7180  7189  7036  6899  6718  6425  5767  5569  4956  3881  2569  1508   752   397   189    56    40    29    20
-57.5     2255  2922  3708  5324  6830  6783  6676  6547  6383  6206  5569  5310  4632  3807  2619  1595   790   408   178    55    40    28    20
-61.2     2242  2894  3781  5142  6421  6381  6324  6198  6045  5960  5206  4965  4268  3654  2663  1673   831   407   159    55    40    28    20
-64.9     2240  2899  3713  4859  5971  6025  6015  5892  5739  5677  4677  4549  3905  3427  2707  1747   880   395   136    56    40    28    20
-68.7     2244  2905  3603  4575  5559  5708  5737  5610  5457  5355  4191  4160  3596  3202  2747  1816   922   379   117    55    39    28    20
-72.4     2246  2872  3544  4391  5265  5420  5475  5332  5190  4991  3962  3895  3399  3055  2778  1882   942   370   109    50    36    25    18
-76.1     2246  2810  3547  4312  5079  5158  5215  5057  4928  4616  3963  3757  3300  2989  2791  1936   942   369   112    42    30    21    15
-79.8     2245  2756  3570  4277  4932  4922  4940  4797  4658  4289  4006  3685  3241  2956  2771  1965   936   375   119    33    23    17    12
-83.5     2245  2741  3578  4243  4778  4721  4652  4568  4381  4063  3950  3634  3178  2924  2710  1960   934   384   127    24    18    12     9
-87.2     2245  2749  3574  4212  4653  4584  4426  4408  4166  3939  3851  3600  3125  2895  2646  1940   935   392   133    19    14    10     7

OZONE         23      48        T31 ozone volume mixing ratios (ppb) for OCT      at  23 pressure levels (Pa)                                                                                                                           

            49    69    98   138   195   275   390   550   780  1100  1560  2200  3120  4400  6250  8800 12500 17600 25000 35800 50000 70700100000

 87.2     2245  2754  4398  5241  5676  5817  5263  5610  5000  4173  4066  3339  3103  3070  2522  1619   734   320    73    41    30    21    15
 83.5     2245  2753  4436  5323  5774  5815  5300  5529  5001  4159  4087  3480  3234  3042  2514  1610   743   338   110    41    29    21    15
 79.8     2245  2754  4494  5443  5848  5819  5392  5451  5000  4185  4103  3646  3372  2997  2476  1589   752   359   146    44    31    22    16
 76.1     2245  2754  4564  5577  5846  5839  5553  5428  5005  4287  4107  3786  3455  2939  2396  1555   756   377   159    51    36    26    18
 72.4     2245  2754  4642  5714  5846  5909  5758  5473  5054  4456  4151  3930  3501  2877  2298  1509   751   388   156    58    42    30    21
 68.7     2245  2753  4724  5841  5957  6073  5977  5604  5192  4677  4302  4125  3542  2823  2212  1458   738   392   150    62    44    31    22
 64.9     2246  2751  4768  5935  6195  6335  6200  5818  5423  4945  4575  4379  3604  2787  2151  1402   712   386   144    60    43    31    22
 61.2     2246  2752  4674  5958  6447  6632  6447  6085  5686  5253  4895  4645  3705  2785  2099  1341   668   364   136    56    41    29    20
 57.5     2242  2759  4336  5868  6599  6905  6738  6382  5922  5599  5197  4877  3861  2833  2038  1270   598   321   122    53    38    27    19
 53.8     2240  2765  3836  5694  6650  7123  7044  6690  6141  5963  5467  5065  4045  2907  1963  1186   512   265   105    50    36    26    18
 50.1     2245  2754  3377  5512  6666  7270  7302  6992  6402  6309  5724  5223  4196  2954  1875  1083   426   211    88    49    35    25    18
 46.4     2260  2716  3116  5373  6693  7328  7463  7272  6741  6612  5985  5363  4270  2937  1771   955   356   172    77    48    34    24    17
 42.7     2265  2657  3003  5251  6701  7315  7542  7508  7095  6874  6260  5509  4302  2882  1656   811   296   143    69    48    34    24    17
 39.0     2229  2590  2943  5096  6639  7251  7567  7673  7372  7108  6562  5693  4342  2828  1533   664   240   118    62    47    34    24    17
 35.3     2149  2526  2879  4887  6482  7151  7562  7760  7534  7320  6885  5920  4411  2790  1405   523   185    93    56    47    34    24    17
 31.5     2065  2476  2797  4658  6259  7033  7558  7804  7645  7514  7193  6146  4473  2726  1273   404   139    72    50    47    34    24    17
 27.8     2024  2456  2688  4443  5999  6911  7584  7840  7769  7694  7448  6322  4490  2595  1136   319   109    59    45    46    33    23    17
 24.1     2025  2458  2564  4265  5743  6804  7636  7877  7907  7855  7645  6443  4463  2413  1006   271    96    53    40    44    32    23    16
 20.4     2040  2464  2458  4140  5553  6732  7688  7907  8007  7988  7804  6536  4426  2243   905   247    89    51    36    41    29    21    15
 16.7     2042  2458  2396  4084  5479  6713  7716  7921  8023  8083  7941  6621  4408  2137   848   240    81    50    35    35    25    18    13
 13.0     2037  2453  2365  4069  5494  6724  7715  7919  7974  8146  8059  6706  4401  2081   821   240    73    48    34    29    21    15    10
  9.3     2044  2470  2342  4053  5551  6725  7684  7905  7894  8189  8159  6789  4387  2036   794   238    67    45    34    25    18    12     9
  5.6     2062  2506  2310  4017  5610  6705  7640  7887  7812  8211  8236  6865  4365  1991   759   230    63    41    33    24    17    12     8
  1.9     2061  2502  2269  3987  5644  6704  7647  7890  7760  8203  8272  6909  4367  1979   750   230    61    38    32    25    18    12     9
 -1.9     2003  2392  2218  3997  5622  6772  7776  7944  7772  8148  8248  6891  4435  2045   807   255    59    36    32    25    18    13     9
 -5.6     1905  2199  2168  4050  5563  6902  8016  8052  7854  8057  8164  6812  4569  2191   922   302    59    36    32    26    19    13     9
 -9.3     1839  2044  2143  4118  5534  7034  8266  8190  7984  7968  8040  6704  4729  2373  1038   354    62    39    33    27    20    14    10
-13.0     1871  2033  2162  4178  5598  7114  8437  8337  8141  7913  7894  6594  4879  2554  1107   397    73    46    37    31    22    16    11
-16.7     1965  2116  2209  4229  5726  7157  8520  8467  8295  7872  7737  6497  5006  2724  1147   436    90    57    42    37    26    18    13
-20.4     2047  2176  2248  4281  5859  7207  8538  8551  8406  7809  7579  6426  5106  2880  1209   483   110    70    49    43    31    22    16
-24.1     2067  2143  2257  4343  5968  7292  8504  8565  8442  7699  7428  6387  5175  3027  1327   549   135    83    56    50    36    25    18
-27.8     2052  2066  2250  4427  6117  7395  8425  8506  8398  7570  7300  6369  5228  3186  1490   630   173   107    65    56    40    29    20
-31.5     2036  2014  2243  4548  6389  7493  8302  8370  8268  7456  7213  6360  5277  3385  1684   721   240   153    77    60    43    30    21
-35.3     2035  2010  2242  4696  6775  7567  8137  8164  8058  7356  7157  6352  5324  3617  1896   822   332   217    93    60    43    30    21
-39.0     2040  2026  2244  4828  7148  7601  7934  7912  7797  7229  7083  6343  5351  3835  2105   933   430   281   113    59    42    30    21
-42.7     2042  2032  2245  4901  7382  7574  7699  7634  7508  7034  6941  6333  5341  3989  2293  1055   515   325   138    58    42    29    21
-46.4     2041  2029  2245  4923  7453  7487  7446  7355  7223  6809  6729  6308  5288  4066  2450  1184   587   351   163    58    42    29    21
-50.1     2041  2029  2245  4928  7381  7341  7199  7103  6982  6633  6467  6248  5189  4067  2571  1310   654   370   180    58    42    29    21
-53.8     2044  2039  2246  4932  7177  7135  6970  6895  6806  6552  6167  6129  5041  3992  2648  1427   723   388   183    57    41    29    20
-57.5     2046  2042  2246  4908  6868  6869  6728  6696  6645  6475  5851  5927  4854  3868  2691  1535   790   403   174    56    40    28    20
-61.2     2036  2016  2244  4813  6478  6536  6431  6461  6433  6277  5539  5605  4636  3724  2706  1635   851   411   158    57    41    29    20
-64.9     2021  1973  2252  4636  6034  6155  6086  6185  6160  5921  5236  5169  4392  3574  2704  1731   907   411   139    58    42    30    21
-68.7     2027  1991  2307  4424  5588  5789  5777  5929  5905  5508  4926  4692  4116  3414  2701  1834   969   409   122    58    42    29    21
-72.4     2082  2147  2448  4223  5192  5501  5593  5756  5746  5136  4593  4248  3804  3240  2715  1953  1048   411   114    52    37    26    19
-76.1     2170  2396  2651  4053  4878  5287  5514  5642  5645  4830  4262  3895  3498  3074  2735  2064  1125   415   115    42    30    21    15
-79.8     2242  2601  2847  3920  4675  5102  5442  5502  5477  4561  3988  3688  3278  2959  2737  2114  1160   420   121    33    23    17    12
-83.5     2262  2658  2979  3829  4602  4916  5308  5279  5160  4317  3816  3669  3207  2928  2701  2067  1124   423   132    27    19    14    10
-87.2     2252  2628  3046  3780  4606  4770  5173  5068  4846  4141  3735  3740  3223  2944  2656  1985  1063   423   141    24    17    12     9

OZONE         23      48        T31 ozone volume mixing ratios (ppb) for NOV      at  23 pressure levels (Pa)                                                                                                                           

            49    69    98   138   195   275   390   550   780  1100  1560  2200  3120  4400  6250  8800 12500 17600 25000 35800 50000 70700100000

 87.2     2449  2749  5098  6521  7174  7630  7174  7420  6520  5637  4384  3651  3234  3078  2526  1680   760   364    94    49    35    25    18
 83.5     2450  2742  5093  6520  7166  7620  7167  7327  6465  5638  4477  3867  3335  3039  2506  1662   759   365   122    52    37    26    19
 79.8     2449  2756  5104  6522  7182  7639  7182  7272  6407  5636  4626  4103  3470  2998  2442  1609   760   363   145    55    40    28    20
 76.1     2445  2805  5148  6527  7227  7697  7226  7310  6372  5626  4809  4263  3605  2974  2323  1514   764   359   145    60    43    31    22
 72.4     2444  2866  5231  6528  7235  7707  7234  7333  6330  5591  4982  4378  3723  2962  2198  1416   767   356   134    65    46    33    23
 68.7     2455  2911  5357  6515  7117  7557  7118  7196  6243  5509  5095  4505  3808  2950  2129  1365   768   361   127    66    47    33    24
 64.9     2470  2924  5493  6479  6870  7251  6887  6890  6116  5401  5148  4667  3865  2938  2131  1370   759   373   129    63    45    32    23
 61.2     2462  2909  5536  6410  6622  6966  6694  6602  6030  5351  5216  4848  3938  2945  2147  1380   734   374   132    58    42    30    21
 57.5     2403  2869  5380  6294  6503  6878  6691  6521  6066  5447  5375  5030  4070  2986  2118  1343   682   349   127    52    38    26    19
 53.8     2313  2814  5041  6136  6509  6965  6853  6635  6213  5673  5609  5193  4232  3042  2044  1254   606   303   115    47    33    24    17
 50.1     2246  2755  4604  5947  6563  7088  7047  6814  6405  5947  5847  5316  4357  3068  1954  1140   522   251   100    43    31    22    16
 46.4     2239  2702  4142  5735  6601  7138  7167  6955  6591  6210  6038  5387  4390  3031  1869  1016   439   207    90    44    31    22    16
 42.7     2254  2650  3717  5492  6599  7123  7203  7048  6757  6459  6209  5457  4371  2959  1778   881   360   171    82    47    33    24    17
 39.0     2232  2591  3393  5204  6541  7077  7160  7102  6894  6705  6407  5595  4360  2894  1659   728   283   139    74    49    35    25    18
 35.3     2154  2526  3188  4883  6428  7018  7058  7131  7006  6956  6655  5824  4383  2847  1505   561   212   112    65    50    36    26    18
 31.5     2067  2475  3030  4590  6302  6945  6953  7161  7122  7211  6933  6082  4415  2776  1335   412   154    88    56    50    36    25    18
 27.8     2022  2461  2845  4391  6205  6853  6904  7222  7273  7469  7218  6304  4425  2634  1169   315   117    69    47    48    35    24    17
 24.1     2024  2471  2636  4284  6137  6764  6932  7319  7449  7726  7502  6475  4410  2434  1019   271    99    55    38    45    32    23    16
 20.4     2040  2467  2463  4211  6062  6726  7035  7440  7613  7974  7789  6621  4392  2235   892   252    89    46    32    40    29    20    14
 16.7     2043  2418  2379  4129  5951  6777  7205  7573  7728  8201  8073  6760  4387  2088   797   235    80    43    30    32    23    16    12
 13.0     2039  2352  2356  4042  5827  6866  7371  7684  7796  8391  8321  6895  4390  1988   729   218    72    44    31    25    18    13     9
  9.3     2043  2317  2343  3975  5728  6911  7436  7729  7823  8518  8484  7025  4390  1921   680   202    68    46    32    19    14    10     7
  5.6     2057  2330  2311  3945  5684  6882  7377  7701  7821  8565  8532  7136  4383  1882   652   190    68    47    33    18    13     9     7
  1.9     2057  2337  2267  3959  5705  6872  7364  7692  7816  8539  8499  7190  4383  1895   662   194    69    47    33    19    14    10     7
 -1.9     2010  2277  2224  4026  5802  6989  7586  7803  7835  8444  8414  7143  4407  1993   731   223    65    44    30    21    15    11     8
 -5.6     1925  2154  2186  4123  5951  7213  8019  8030  7892  8304  8299  7001  4458  2163   847   276    59    40    26    24    17    12     9
 -9.3     1847  2043  2150  4196  6084  7400  8412  8257  7989  8161  8168  6828  4522  2352   959   331    58    39    24    27    19    14    10
-13.0     1816  2008  2114  4196  6140  7417  8543  8381  8126  8054  8029  6678  4589  2512  1025   374    73    46    28    31    22    16    11
-16.7     1823  2023  2077  4135  6106  7318  8467  8412  8262  7976  7887  6560  4655  2644  1066   409    98    57    35    36    26    18    13
-20.4     1838  2027  2036  4048  5982  7231  8349  8398  8337  7900  7740  6468  4718  2763  1130   448   122    69    43    43    31    22    15
-24.1     1843  1980  1993  3963  5778  7229  8294  8370  8312  7809  7585  6395  4777  2885  1251   504   142    81    48    50    36    25    18
-27.8     1840  1914  1954  3883  5552  7234  8263  8319  8226  7704  7416  6331  4836  3022  1420   580   168    98    56    56    40    28    20
-31.5     1834  1871  1932  3812  5368  7146  8194  8229  8125  7586  7225  6270  4898  3186  1626   683   214   129    72    59    42    30    21
-35.3     1831  1865  1928  3753  5246  6949  8067  8094  8015  7457  7020  6211  4960  3372  1850   807   283   174    96    58    42    29    21
-39.0     1834  1879  1935  3706  5153  6738  7914  7925  7855  7315  6837  6167  5007  3555  2060   933   362   223   121    57    41    29    20
-42.7     1847  1895  1949  3676  5064  6606  7765  7728  7601  7157  6708  6149  5026  3710  2227  1044   440   266   143    56    40    28    20
-46.4     1855  1901  1955  3670  5025  6546  7601  7496  7271  6977  6607  6136  5012  3828  2355  1142   517   302   159    56    40    28    20
-50.1     1836  1883  1938  3697  5134  6508  7377  7210  6913  6767  6470  6089  4966  3911  2467  1241   598   336   170    56    40    28    20
-53.8     1771  1835  1883  3760  5443  6446  7058  6855  6562  6516  6253  5976  4888  3956  2578  1355   690   371   176    54    39    28    19
-57.5     1686  1774  1800  3823  5793  6334  6659  6457  6217  6223  5986  5803  4786  3971  2677  1484   788   404   178    52    37    26    19
-61.2     1611  1726  1701  3837  5981  6146  6202  6046  5872  5881  5712  5580  4673  3960  2747  1630   890   432   174    49    35    25    18
-64.9     1573  1706  1615  3789  5922  5886  5731  5656  5540  5511  5440  5324  4557  3926  2782  1788   994   457   169    46    33    23    16
-68.7     1600  1722  1604  3719  5726  5616  5336  5340  5267  5184  5131  5078  4445  3868  2797  1933  1103   493   171    43    31    22    15
-72.4     1721  1784  1735  3664  5493  5394  5111  5150  5102  4973  4746  4885  4345  3785  2806  2040  1216   553   190    40    29    20    14
-76.1     1895  1888  1976  3636  5265  5222  5029  5060  5030  4872  4380  4755  4257  3690  2813  2103  1310   617   216    37    27    19    13
-79.8     2035  2020  2231  3624  5039  5064  4979  4987  4990  4821  4228  4684  4172  3606  2816  2130  1338   638   230    33    24    17    12
-83.5     2075  2167  2419  3621  4823  4899  4881  4873  4937  4775  4432  4667  4088  3553  2814  2126  1269   583   216    27    19    14    10
-87.2     2054  2284  2525  3622  4662  4767  4778  4763  4888  4738  4754  4676  4025  3528  2810  2109  1171   505   193    21    15    11     8

OZONE         23      48        T31 ozone volume mixing ratios (ppb) for DEC      at  23 pressure levels (Pa)                                                                                                                           

            49    69    98   138   195   275   390   550   780  1100  1560  2200  3120  4400  6250  8800 12500 17600 25000 35800 50000 70700100000

 87.2     2856  3042  5617  6156  7175  7639  7702  8162  7469  6100  4876  4232  3574  3474  2526  1706   867   427   134    60    43    30    21
 83.5     2853  3041  5624  6151  7167  7643  7718  8091  7547  6133  5093  4389  3733  3463  2518  1707   875   429   173    61    44    31    22
 79.8     2858  3044  5610  6161  7181  7635  7688  7994  7561  6185  5333  4554  3921  3454  2512  1704   880   432   205    62    45    31    22
 76.1     2871  3053  5550  6189  7224  7601  7575  7884  7429  6240  5498  4654  4074  3454  2509  1690   877   434   205    63    45    32    23
 72.4     2873  3055  5427  6194  7232  7529  7415  7748  7206  6241  5599  4722  4184  3456  2504  1663   866   434   188    63    45    32    23
 68.7     2839  3031  5220  6121  7121  7401  7250  7561  6967  6119  5660  4810  4249  3452  2489  1618   850   430   171    62    45    31    22
 64.9     2764  2978  4955  5970  6884  7223  7104  7325  6757  5884  5697  4938  4282  3442  2461  1555   828   422   165    59    42    30    21
 61.2     2678  2917  4737  5827  6632  7038  6967  7078  6585  5675  5708  5087  4312  3433  2418  1481   797   409   162    55    39    28    20
 57.5     2611  2866  4665  5774  6470  6885  6835  6858  6462  5628  5691  5233  4369  3434  2357  1400   753   390   155    49    35    25    18
 53.8     2549  2820  4677  5777  6411  6780  6723  6700  6397  5737  5674  5361  4447  3434  2278  1315   698   365   143    44    31    22    16
 50.1     2452  2756  4597  5728  6410  6728  6667  6636  6409  5905  5703  5453  4518  3410  2179  1230   634   331   128    41    29    21    15
 46.4     2295  2659  4297  5545  6430  6728  6691  6694  6506  6062  5819  5498  4557  3345  2057  1142   563   286   111    42    30    21    15
 42.7     2128  2544  3872  5276  6436  6740  6756  6818  6642  6223  6000  5529  4565  3253  1918  1031   485   238    94    46    33    23    16
 39.0     2021  2435  3470  4998  6390  6713  6804  6938  6758  6427  6216  5591  4542  3155  1764   868   399   193    81    49    35    25    18
 35.3     2004  2352  3169  4759  6285  6634  6809  7016  6834  6686  6456  5715  4496  3053  1600   656   307   154    72    50    36    25    18
 31.5     2030  2315  2940  4562  6181  6560  6798  7071  6927  6972  6730  5902  4443  2917  1431   452   222   121    64    48    35    25    17
 27.8     2050  2345  2748  4409  6139  6552  6797  7121  7100  7254  7056  6157  4400  2710  1261   322   157    91    54    46    33    23    16
 24.1     2050  2417  2585  4295  6152  6616  6829  7181  7333  7523  7408  6439  4374  2456  1097   269   114    66    43    42    30    21    15
 20.4     2042  2463  2460  4211  6157  6716  6910  7262  7546  7789  7726  6664  4360  2226   944   251    90    49    35    37    26    19    13
 16.7     2035  2432  2384  4149  6102  6816  7054  7370  7668  8053  7958  6767  4357  2077   810   237    81    44    32    32    23    16    11
 13.0     2034  2360  2351  4098  5997  6890  7214  7480  7725  8296  8125  6801  4358  1996   698   219    82    46    32    27    20    14    10
  9.3     2044  2315  2349  4048  5873  6906  7321  7556  7765  8486  8264  6858  4359  1946   613   201    85    49    34    25    18    13     9
  5.6     2059  2326  2363  3997  5762  6868  7361  7590  7820  8597  8389  6978  4355  1911   562   188    86    50    35    25    18    12     9
  1.9     2057  2336  2363  3975  5719  6865  7454  7656  7881  8619  8462  7079  4355  1921   557   187    87    48    35    25    18    13     9
 -1.9     2010  2278  2315  4016  5807  6997  7735  7835  7938  8535  8430  7063  4367  2013   612   206    91    46    33    26    19    13     9
 -5.6     1925  2155  2226  4108  6001  7245  8171  8110  7992  8374  8307  6926  4391  2177   717   244    99    42    30    26    19    13     9
 -9.3     1847  2043  2151  4193  6182  7465  8544  8363  8060  8208  8165  6756  4418  2355   829   287   110    40    28    27    20    14    10
-13.0     1816  2007  2135  4216  6245  7524  8660  8488  8155  8103  8066  6632  4442  2495   914   326   122    40    28    31    22    16    11
-16.7     1822  2023  2150  4183  6211  7451  8564  8488  8238  8045  7996  6548  4464  2600   978   362   134    44    29    36    26    18    13
-20.4     1838  2027  2138  4123  6147  7333  8391  8406  8253  7993  7904  6467  4490  2692  1049   403   145    52    32    42    30    21    15
-24.1     1844  1980  2066  4054  6091  7223  8233  8273  8161  7922  7760  6366  4523  2788  1144   456   155    66    38    49    35    25    18
-27.8     1840  1915  1976  3971  5997  7104  8087  8115  8007  7850  7593  6251  4554  2891  1270   523   173    87    47    54    39    28    20
-31.5     1834  1871  1925  3867  5799  6945  7934  7950  7844  7804  7440  6133  4573  3002  1432   604   211   115    64    57    41    29    20
-35.3     1829  1864  1925  3749  5510  6742  7763  7786  7692  7770  7306  6023  4580  3120  1617   698   270   150    87    56    40    28    20
-39.0     1833  1878  1938  3645  5237  6529  7571  7614  7535  7681  7162  5930  4582  3240  1791   797   337   186   111    54    39    27    19
-42.7     1852  1899  1928  3583  5083  6338  7355  7424  7353  7470  6978  5864  4588  3356  1919   893   402   219   127    53    38    27    19
-46.4     1865  1907  1889  3542  5024  6175  7135  7216  7140  7158  6768  5816  4593  3457  2009   992   465   250   138    54    39    27    19
-50.1     1835  1883  1835  3476  4972  6033  6944  6994  6890  6809  6565  5771  4583  3524  2090  1106   534   285   146    54    39    27    19
-53.8     1743  1817  1778  3358  4870  5904  6796  6757  6597  6465  6393  5712  4547  3545  2185  1241   615   327   155    53    38    27    19
-57.5     1652  1752  1739  3237  4761  5772  6627  6486  6266  6098  6222  5609  4495  3536  2286  1389   705   373   164    50    36    26    18
-61.2     1644  1747  1742  3180  4713  5618  6355  6154  5901  5664  6014  5429  4435  3516  2383  1537   799   418   173    48    34    24    17
-64.9     1733  1811  1788  3205  4746  5444  5975  5781  5535  5176  5733  5150  4365  3498  2476  1672   892   461   181    45    33    23    16
-68.7     1824  1875  1831  3251  4805  5284  5613  5462  5247  4750  5340  4775  4264  3482  2580  1785   977   509   196    42    31    21    15
-72.4     1818  1871  1827  3259  4832  5173  5397  5300  5121  4508  4796  4303  4107  3469  2710  1865  1046   566   223    39    28    20    14
-76.1     1728  1807  1782  3226  4827  5116  5320  5261  5119  4423  4183  3800  3894  3444  2840  1919  1104   631   256    34    25    17    12
-79.8     1636  1742  1737  3190  4820  5092  5285  5223  5118  4369  3677  3383  3638  3381  2911  1968  1168   695   283    30    21    15    11
-83.5     1610  1723  1723  3179  4837  5086  5220  5098  5028  4254  3417  3149  3361  3264  2881  2026  1244   749   292    26    19    13     9
-87.2     1624  1733  1730  3185  4863  5089  5151  4957  4912  4132  3339  3060  3142  3150  2811  2076  1308   786   290    23    17    12     8
