SOIT04        96      48        soil texture: %sand*100 + %clay, layer  4 (v.2)

         -178 -174 -171 -167 -163 -159 -156 -152 -148 -144 -141 -137 -133 -129 -126 -122 -118 -114 -111 -107 -103  -99  -96  -92  -88  -84  -81  -77  -73  -69  -66  -62  -58  -54  -51  -47  -43  -39  -36  -32  -28  -24  -21  -17  -13   -9   -6   -2    2    6    9   13   17   21   24   28   32   36   39   43   47   51   54   58   62   66   69   73   77   81   84   88   92   96   99  103  107  111  114  118  122  126  129  133  137  141  144  148  152  156  159  163  167  171  174  178

 88.1                                                                                                                                                                                                                                                                                                                                                                                                                                                                                                   
 84.4                                                                                                                                                                                        7311 7311 7311 7311 7311                                                                                                                                                                                                                                                                                   
 80.6                                                                                                                  7311 7311 7311 7311 7311   -1 7311 7311 7311   -1   -1   -1   -1   -1   -1   -1   -1   -1   -1 7311 7311 7311                                    7311 7311   -1   -1                                                                                             -1                                                                                                              
 76.9                                                                                    7311 8005 8005 8005 7311 8005 7311 7311 7311 7311   -1           7311   -1   -1   -1   -1   -1   -1   -1   -1   -1   -1   -1   -1 7311                                              7311                                                                                                     7311 7311 7311 8005 7311                                    7311                                                  
 73.1                                                                               7311 7311 7311 7311 7311      7311 7311 8005 8005 8005 8005 7311                            -1   -1   -1   -1   -1   -1   -1   -1 7311 7311                                                                                                7311                7311 7311 7311 7311 7311 7311 7311 7311 7311 7311 7311 7311 7311 7311 4913 7311                7311 7311 7311                                        
 69.4    7311                7311 7311 7311 7311 7311 8005 8005 8005 7311 7311 7311 7311 7311 7311 7311 7311 7311 7311 7311 7311 8005 7311 7311 7311 7311 7311                7311 7311   -1   -1   -1   -1   -1 7311 7311                                                   8303 8005 8303 8303 8303 8303                8303   -2   -2 7311 7311 7311 7311 7311 7311 7311 4913 8005 8005 8005 4913 8005 4913 4913 4913 4913 4913 8005 4913 8005 8005 4913 4913 4913 4913 7311 4913 8005 7311 8005 8005
 65.6    7311 7311           3518 3518 3518 3518 3518 3518  650  650 7808  650   -2   -2 3513 3513 7311 7311 7311 7311 7311 7311 7311 7311      7311 7311 7311 7311                7311   -1   -1   -1 7311                4407 8005                                    8303 8303 8303 8303   -2 8303 8303 9304 9304 9304 9304 9304 9304 8005 3518 3723 7311 3723 9304 4913 4913 8005 8005 8005 8005 8005 8005 4913 4913 4913 4913 8005 8005 8005 8005 8005 8005 4913 8005 8005 8005 8005 8005 8005 7311
 61.9                        3518 3518 3518 3518 8005 3518  650  650  650  650  650   -2   -2 3513 3513 9801 3513 2137 7311                     8005 8005 7311 7311                       -1   -1                                                             8303 8303 8303 8303 8303 8303 8303 8303 8303  218  218  218 8303  218 8005 4330   -2   -2   -2   -2   -2 3518 3513 8005 8005 4913 4913 4913 4913 4913 4913 4913 4913 4913 4913 8005 8005 8005 8005 8005 8005 8005 8005 8005 8005 8005     
 58.1                             8005 3518                     8005  650 8005 8005   -2 4134 4134   -2 9801 9801 9801 4134   -2                8005 8005 8005 8005 8005                                                                         -2                8303 8303  650       472 1223 1223 1223 1223 1223 1223 1223 1223 1223 1223 1223 1223 1223 4820 4820 1223 1223  129 8005  218  218 8005 8005 8005 8005 8005 8005 8005 8005 8005 8005                     8005 8005                    
 54.4                                                                9801 9801 4134 4134 8005 4134 4134 4134 4134   -2   -2 4134 9801   -2      8005 9801 8005 9801 8005 8005                                                              323  768  768           8501  323  323 1223 1223 1223 1223 1223  363 2338  363 2338 2338 8005 2338 2338 2338 2338 1243 2338  363 8005 8005 8005 8005 8005 8005 8005 8005 8005 8005 8005   -2 8005 8005  218                8005 8005                         
 50.6                                                                          9801 4134 9801 4423 5920 5920 4621 4621   -2 9801 9801   -2  474 9801 9801 9801 9801 9801 9801                                                                       3513  323 3513 3513 3513 3513 4812 1223  626 2338 2338 2338 1243 1243 1243 1243 1243 1243 1243 1243 1243 1243 1243 8005 8005 8005 8005 8005 8005 8005 8005 8005 1243 8005 8005  626 8005 8005 8005                                                  
 46.9                                                                               7223  231 6209 2428  620 2428 4621 4621 4717 9801 9801 9801 9801 9801 9801 9801 4134      9801                                                                   323 3513 4217  323 2130  626  650 3513  445 2338 2338  363 1243 2414 2414 4036 4036 4036 4036 4036 1036  427 8005 8005  427 8005 4036 8005 8005 8005 1036 1036 1243 8005 4118 8005 8005 8005                                                       
 43.1                                                                               4818 2428  231 4134 4036 2428 2428  330  128  128  128 4134 3513 9801 5503                                                                                 3241 3241 3241 3513  650  650 8005 3513 3336  445           8005 8005 8005      5822 5822  427  427 1043 8005 8005 8005 8005 8005 4518 4518  427  427  427 4036 1036 8005  472 8005 8005 8005      8005 2036                                             
 39.4                                                                               4818 8009 7515  231 4134 2428 2428  231  231  231  128 3513 4818                                                                                      8511  650 3241                      650 3336 3336  323 1043 1043 8005 8005 8005      5822  427  427 1043 8005 8005 8005  427  427 8005 2117 8005 8005 2414 1043 1036 8005  472 8005 8005                8005                                                  
 35.6                                                                               6422 7515 7515 2428 7515 3849 2428  231 4818 4818 4818 4818 3541                                                                                           3241 3241 3241 5822 3241                           650 8005 1043 4518 8005 8005  620 8005 1043 8005 8005 8005 8005 8005 8005 8005 8005 8005 8005 8005 3241 4217 4217  472            650  650 2556 2036                                                  
 31.9                                                                                         7515 7515 7515 3849 5920 4818  474 4635 4635 3541                                                                                           2820 2130 8005 8005  427  427 5122 4929 4929 4929 4929 4029 8005 5637 3133 2117 8005 2117 8005 3133 8005 8005 6809 8005 8005 8005 8005 8005 8005 8005 8005 8005 8005  678  678  678                                                                           
 28.1                                                                                          427 5209 2428 8005 6422 1744                9701                                                                                       427  427 8005  427  427  427  427  427 4929 4929  427 4929 4929 8005 8908 3133 8908 8906 8005 8005 8005 8005 8908 8908 6809 6809 8005 8005 2556 2556 8005 8005 2556 2556 2556 2556                                                                                
 24.4                                                                                               427 6422 5027 2646                                                                                                               8005 8005  427  427  427 8005 8005  427  427  427  427  427 4929 8005 8005  427 3133 3133  427 8005      8005 3133 6809 2554 5434 1167 1565 2556 2556 4647 4647 2556 2556 2556 2556                                                                                
 20.6                                                                                                        6209 6209           1966           2646                                                                            8005  427 8906  427  427 8005 8005 8005  427 8005  427  427  427  427  427 8005 8005 3133 8906 3133 3133                2554 2554 1167 1167 1565 5230 2556 2556 2556 2556 4647                                                                                          
 16.9                                                                                                              128 6329 6329 2530                                                                                           9305 8005 8005 9702 8005 8809  427 8005 9702 8005 8005 8005  427 7211 7211 9702 8005 8906 3133 3133                     2554 2554 5434                 678 2556 2556 2556                3431                                                                           
 13.1                                                                                                                            5230  392                                                                                       871 8005 8005 4945 9702 8809 8809 8809 9305 9305 8005 8005 9305 3555 4127 4127 8005 8005                                    5434 5434                     2556 4647 2556                5809                                                                           
  9.4                                                                                                                                  392  392  128 3334  472 6329 6329                                                             8005 1968 3238 4945 4945 4945 8005 4945 2718 1968 9503 9503 3555 7221 4127 8906 5122 4518                               5434 2357                     2556       678                     2556                                                                      
  5.6                                                                                                                                           1277 4738 4738 1277 1277 1277 1277                                                        6236 1968 3238 4945  871 1968 5232 3652 5232 5232 3652 3555 3555 4440 8906 4929                                                                  2556 2556                2556                                                                                
  1.9                                                                                                                                           8005 1277 1083 1277 1277 1277 1277 1277                                                                            5232 5232 5232 6236 5232 5232 5232 8005  427 8906                                                                       2054 4647      2556 2556 2556                                                                                
 -1.9                                                                                                                                      2820 1083 1083 1083 1083 3741 1083 1083 1083 1083 1083                                                                  5730 5730 6236 6236 6236  871 5232 1966 4945                                                                                 2556      2059 2556 1230 2054           2059 8511 5230                                                  
 -5.6                                                                                                                                      7808 1083 1083 1083 1083 1083 1083 1277 1277 1083 8314 4842 4842                                                             5232 8216 6236 6236 3055 1968 1968 1968                                                                                      2556                                      -2 4647 5230                                             
 -9.4                                                                                                                                           8005 1083 1083 1083 1083 1277 1277 4738  887 1277 4842 4842                                                             4945 8216 8216 5232 5232 5232 1966 5640                                                                                                                                   5815      8511                                        
-13.1                                                                                                                                           8005 8005 6329 4738 6329  887 6329 4738  887 7721 4842                                                                  4945 8216 8216 6236 5232 5232 4945 4945                                                                                                                    2357 8005           2357                                             
-16.9                                                                                                                                                8005 8005 8005 7721 3941 8314 1277  887 1277 1083                                                                  8005 9305 5536 9305 8005 4945 5232 4945      5232                                                                                                     8005 8005 1666 8005 7713 2357                                             
-20.6                                                                                                                                                     8009 8005 5209 3941 8314 7721 7721 1277                                                                       8005  765 9305 9305 5435 4945 2718      9305 5232                                                                                           1867 8113 9503 8113 8113 1666 1666 1666  493                                        
-24.4                                                                                                                                                     8009 7515 7211 3941 2062 6329 6329                                                                                 5122 9305 9305 9305 9305                1966                                                                                      1867 8009 8113 8113 8113 8113 9503 1666 1666 1666 1472                                   
-28.1                                                                                                                                                     8005 7211 5209 3044 2059 2059                                                                                      5122 9305 9305 3555 4842                                                                                                          5637 8009 8113 8113 8113 5637 5841 1666 5637 5637 1472                                   
-31.9                                                                                                                                                     8009 7211 2341 2646 2341                                                                                                5122 5122 4842                                                                                                                    1472 8311 8311 8311 9503 8311 8311 8311 5637 7419                                   
-35.6                                                                                                                                                8005 8005 7808 4028 5115                                                                                                                                                                                                                                                                4154 8311 1867  493                                        
-39.4                                                                                                                                                1219 7808 5122 5209                                                                                                                                                                                                                                                                               1472                                    3821     
-43.1                                                                                                                                                8005 7515 7515                                                                                                                                                                                                                                                                                         1356                          3821          
-46.9                                                                                                                                                8005 7515                                                                                                                                                                                                                                                                                                                                          
-50.6                                                                                                                                                8005 2428                                                                                                                                                                                                                                                                                                                                          
-54.4                                                                                                                                                8005 2341                                                                                                                                                                                                                                                                                                                                          
-58.1                                                                                                                                                                                                                                                                                                                                                                                                                                                                                                   
-61.9                                                                                                                                                                                                                                                                                                                                                                                                                                                                                                   
-65.6                                                                                                                                                            -1   -1                                                                                                                                                         -1                                                     -1   -1   -1        -1   -1                       -1                                                            
-69.4                                                                                                                                                  -1   -1   -1   -1                                                                              -1                  -1   -1             -1   -1   -1   -1   -1   -1   -1   -1   -1   -1   -1   -1   -1   -1   -1   -1   -1   -1   -1   -1   -1   -1   -1   -1   -1   -1   -1   -1   -1   -1   -1   -1   -1   -1   -1   -1                         
-73.1                                                                            -1   -1                       -1   -1   -1   -1   -1   -1   -1   -1   -1   -1   -1   -1                                                     -1   -1   -1   -1   -1   -1   -1   -1   -1   -1   -1   -1   -1   -1   -1   -1   -1   -1   -1   -1   -1   -1   -1   -1   -1   -1   -1   -1   -1   -1   -1   -1   -1   -1   -1   -1   -1   -1   -1   -1   -1   -1   -1   -1   -1   -1   -1   -1   -1   -1   -1               
-76.9                                    -1   -1   -1   -1   -1   -1   -1   -1   -1   -1   -1   -1   -1   -1   -1   -1   -1   -1   -1   -1   -1   -1   -1   -1   -1   -1   -1   -1   -1                       -1   -1   -1   -1   -1   -1   -1   -1   -1   -1   -1   -1   -1   -1   -1   -1   -1   -1   -1   -1   -1   -1   -1   -1   -1   -1   -1   -1   -1   -1   -1   -1   -1   -1   -1   -1   -1   -1   -1   -1   -1   -1   -1   -1   -1   -1   -1   -1   -1   -1   -1   -1   -1                    
-80.6      -1   -1   -1   -1   -1   -1   -1   -1   -1   -1   -1   -1   -1   -1   -1   -1   -1   -1   -1   -1   -1   -1   -1   -1   -1   -1   -1   -1   -1   -1   -1   -1   -1   -1   -1   -1   -1   -1   -1   -1   -1   -1   -1   -1   -1   -1   -1   -1   -1   -1   -1   -1   -1   -1   -1   -1   -1   -1   -1   -1   -1   -1   -1   -1   -1   -1   -1   -1   -1   -1   -1   -1   -1   -1   -1   -1   -1   -1   -1   -1   -1   -1   -1   -1   -1   -1   -1   -1   -1   -1   -1   -1   -1   -1   -1   -1
-84.4      -1   -1   -1   -1   -1   -1   -1   -1   -1   -1   -1   -1   -1   -1   -1   -1   -1   -1   -1   -1   -1   -1   -1   -1   -1   -1   -1   -1   -1   -1   -1   -1   -1   -1   -1   -1   -1   -1   -1   -1   -1   -1   -1   -1   -1   -1   -1   -1   -1   -1   -1   -1   -1   -1   -1   -1   -1   -1   -1   -1   -1   -1   -1   -1   -1   -1   -1   -1   -1   -1   -1   -1   -1   -1   -1   -1   -1   -1   -1   -1   -1   -1   -1   -1   -1   -1   -1   -1   -1   -1   -1   -1   -1   -1   -1   -1
-88.1      -1   -1   -1   -1   -1   -1   -1   -1   -1   -1   -1   -1   -1   -1   -1   -1   -1   -1   -1   -1   -1   -1   -1   -1   -1   -1   -1   -1   -1   -1   -1   -1   -1   -1   -1   -1   -1   -1   -1   -1   -1   -1   -1   -1   -1   -1   -1   -1   -1   -1   -1   -1   -1   -1   -1   -1   -1   -1   -1   -1   -1   -1   -1   -1   -1   -1   -1   -1   -1   -1   -1   -1   -1   -1   -1   -1   -1   -1   -1   -1   -1   -1   -1   -1   -1   -1   -1   -1   -1   -1   -1   -1   -1   -1   -1   -1
