SURT         180      90        lsx surface type (v.2)

     -179      -159      -139      -119       -99       -79       -59       -39       -19         1        21        41        61        81       101       121       141       161

 89.0                                                                                                                                                                                       
 87.0                                                                                                                                                                                       
 85.0                                                                                                                                                                                       
 83.0                                                   11111111111      11112211111111                                                                                                     
 81.0                                             11111111122211111122222222222222221111112                               2   222               121                                         
 79.0                                        111 1112111122221112222222222222222222222211              11112222                                  11211                                      
 77.0                                1111111   111111111112   111222222222222222222222211                11  1                     2                111111                                  
 75.0                                11111111   1 11111122           22222222222222222111                                     112            11111111111111            111  1               
 73.0                              11111111111 1111111111111          12222222222222111                                     111     11    1111111111111111111111111     111                 
 71.0   1         1111              1  11111111  111 11111111111      11122222222221111                      1111           11     11111111111111111111111111111111111111111111111          
 69.0   1      11111111111111111111111111111111 111111 11  111111      112222222222111                   111111111111     1 1 11111111111111111111111111111111111111111111111111111111111111
 67.0   11111  111111111111111111111111111111111111111111    111111    1122222222                        11111111111111 11111111111111111111111111111111111111111111111111111111111111111111
 65.0     11  1111111111111111111111111111111111111111111  1111111      122222        11111            111111 111111111111111111111111111111111111111111111111111111111111111111111111111111
 63.0          11111111111111111111111111111111111111  11  1  1111      12222                        111111111111111111111111111111111111111111111111111111111111111111111111111111111111111
 61.0          111111111111111111111111111111111111        1111           222                       1111111 11111111111111111111111111111111111111111111111111111111111111111111  1111111   
 59.0            111111     11111111111111111111111        11111111                                  111111  111111111111111111111111111111111111111111111111111111111111111 11   11        
 57.0             11 1        111111111111111111111111     11111111                            11     1 111 111111111111111111111111111111111111111111111111111111111111        1111        
 55.0            1             11111111111111111111111111 11111111111                        11111    111 1111111111111111111111111111111111111111111111111111111111111         111         
 53.0                            111111111111111111111111 111111111111                       11 111 1111111111111111111111111111111111111111111111111111111111111111111111      11          
 51.0                             111111111111111111111111111111111111                         111111111111111111111111111111111111111111111111111111111111111111111111111      1           
 49.0                              1111111111111111111111111111111   11                         111111111111111111111111111111111111111111111111111111111111111111111111 1                  
 47.0                               111111111111111111111111111111    11                         11111111111111111111111111111111111111111111111111111111111111111111111 1                  
 45.0                               11111111111111111111 1111111111                              1111111111111111 11111111 1111 111111111111111111111111111111111111111  1                  
 43.0                               111111111111111111 11111111                              11111111  11 111111      1111  11111111111111111111111111111111111111111   111                 
 41.0                               11111111111111111111111111                               111111   1 1111111111111111111 111111111111111111111111111111111111111     1                   
 39.0                               1111111111111111111111111                                11111    1   1 11 111111111111  111111111111111111111111111111111  11      1                   
 37.0                                11111111111111111111111                                  111  1111  1   1 111111111111111111111111111111111111111111111111  11   111                   
 35.0                                11111111111111111111111                                   111111111            111111111111111111111111111111111111111111   11 1111                    
 33.0                                  11111111111111111111                                  111111111111   1      11111111111111111111111111111111111111111111    11                       
 31.0                                   111111111111111111                                   11111111111111 111111111111111111111111111111111111111111111111111    1                        
 29.0                                   11111111111 1   11                                  111111111111111111111111111111 111111111111111111111111111111111111                             
 27.0                                    1 1111111       1                                 111111111111111111111111 1111111 1111111111111111111111111111111111                              
 25.0                                     1111111                                         1111111111111111111111111111111111 11 1111111111111111111111111111111                             
 23.0                                        1111       11                                11111111111111111111111111 11111111111    111111111111111111111111  1                             
 21.0                                        11111   11   111                            111111111111111111111111111111111111111     111111111  1111111111                                  
 19.0                                         1111  11       111                          111111111111111111111111111 111111111       1111111    111111 1                                   
 17.0                                          1111111                                    1111111111111111111111111111 1111111        11111      1111111      1                             
 15.0                                              11111                                 11111111111111111111111111111111111           111         111111     1                             
 13.0                                                111                                 11111111111111111111111111111111              111         111111     11                            
 11.0                                                  1    11111                         1111111111111111111111111111111111            11         1 111       11                           
  9.0                                                   111111111111                       11111111111111111111111111111111             111        1  1        11                           
  7.0                                                      1111111111                       1111111111111111111111111111111               1        11       1  11                           
  5.0                                                      1111111111111                     11111  1111111111111111111111                        1 11     111                              
  3.0                                                      11111111111111                              1111111111111111111                        1111    111                               
  1.0                                                     111111111111111                             111111111111111111                           111  11111 1                             
 -1.0                                                    111111111111111111                           111111111111 1111                             11   111111    11                       
 -3.0                                                     11111111111111111111                         111111111111111                              111  111 11   1 111111                  
 -5.0                                                    11111111111111111111111                        11111111111111                               11       11      11111  1              
 -7.0                                                     11111111111111111111111                       11111111111111                                 1111            11111                
 -9.0                                                     11111111111111111111111                       11111111111111                                      111 1       11 11               
-11.0                                                      111111111111111111111                         1111111111111                                                                      
-13.0                                                      11111111111111111111                         11111111111111    1                                        111   1                  
-15.0                                                       1111111111111111111                         111111111111111  11                                     111111   11                 
-17.0                                                         11111111111111111                         11111111111111  111                                    111111111111                1
-19.0                                                          111111111111111                          111111111111    111                                   11111111111111                
-21.0                                                          111111111111111                           11111111111    11                                  11111111111111111       1       
-23.0                                                          11111111111111                            11111111111   111                                 1111111111111111111              
-25.0                                                         111111111111                               1111111111     11                                 11111111111111111111             
-27.0                                                         111111111111                               1111111111                                        11111111111111111111             
-29.0                                                         111111111111                                11111111                                         11111111111111111111             
-31.0                                                         11111111111                                  111111                                          11111111111111111111             
-33.0                                                         1111111111                                   11111                                           111111    111111111              
-35.0                                                         111111111                                                                                     1         11111111              
-37.0                                                        111111111                                                                                                  11111            1  
-39.0                                                        11111111                                                                                                    1               11 
-41.0                                                        111111                                                                                                       11            11  
-43.0                                                        11111                                                                                                         1           11   
-45.0                                                       11111                                                                                                                    111    
-47.0                                                       11111                                                                                                                     1     
-49.0                                                       11111                                                                                                                           
-51.0                                                       1111    1                                                                                                                       
-53.0                                                        111                                                                                                                            
-55.0                                                         111                                                                                                                           
-57.0                                                                                                                                                                                       
-59.0                                                                                                                                                                                       
-61.0                                                                                                                                                                                       
-63.0                                                                                                                                                                                       
-65.0                                                             222                                                       22                    2                                         
-67.0                                                           2222                                                     2222222           22222222222222222222222222222222                 
-69.0                                                         2 2222                                             222  22222222222222222 22222222222222222222222222222222222222222           
-71.0                                                       22222222                        2222222222222222222222222222222222222222222222222222222222222222222222222222222222222222222     
-73.0                              2          222222222   2222222222                    22222222222222222222222222222222222222222222222222222222222222222222222222222222222222222222222     
-75.0                       2222222222222222222222222222222222222222                 22222222222222222222222222222222222222222222222222222222222222222222222222222222222222222222222        
-77.0              222222222222222222222222222222222222222222222222222222        222222222222222222222222222222222222222222222222222222222222222222222222222222222222222222222222222        
-79.0   222222222222222222222222222222222222222222222222222222222222222222222222222222222222222222222222222222222222222222222222222222222222222222222222222222222222222222222222222222222222
-81.0   222222222222222222222222222222222222222222222222222222222222222222222222222222222222222222222222222222222222222222222222222222222222222222222222222222222222222222222222222222222222
-83.0   222222222222222222222222222222222222222222222222222222222222222222222222222222222222222222222222222222222222222222222222222222222222222222222222222222222222222222222222222222222222
-85.0   222222222222222222222222222222222222222222222222222222222222222222222222222222222222222222222222222222222222222222222222222222222222222222222222222222222222222222222222222222222222
-87.0   222222222222222222222222222222222222222222222222222222222222222222222222222222222222222222222222222222222222222222222222222222222222222222222222222222222222222222222222222222222222
-89.0   222222222222222222222222222222222222222222222222222222222222222222222222222222222222222222222222222222222222222222222222222222222222222222222222222222222222222222222222222222222222
