SOIT03        96      48        soil texture: %sand*100 + %clay, layer  3 (v.2)

         -178 -174 -171 -167 -163 -159 -156 -152 -148 -144 -141 -137 -133 -129 -126 -122 -118 -114 -111 -107 -103  -99  -96  -92  -88  -84  -81  -77  -73  -69  -66  -62  -58  -54  -51  -47  -43  -39  -36  -32  -28  -24  -21  -17  -13   -9   -6   -2    2    6    9   13   17   21   24   28   32   36   39   43   47   51   54   58   62   66   69   73   77   81   84   88   92   96   99  103  107  111  114  118  122  126  129  133  137  141  144  148  152  156  159  163  167  171  174  178

 88.1                                                                                                                                                                                                                                                                                                                                                                                                                                                                                                   
 84.4                                                                                                                                                                                        7211 7211 7211 7211 7211                                                                                                                                                                                                                                                                                   
 80.6                                                                                                                  7211 7211 7211 7211 7211   -1 7211 7211 7211   -1   -1   -1   -1   -1   -1   -1   -1   -1   -1 7211 7211 7211                                    7211 7211   -1   -1                                                                                             -1                                                                                                              
 76.9                                                                                    7211 8005 8005 8005 7211 8005 7211 7211 7211 7211   -1           7211   -1   -1   -1   -1   -1   -1   -1   -1   -1   -1   -1   -1 7211                                              7211                                                                                                     7211 7211 7211 8005 7211                                    7211                                                  
 73.1                                                                               7211 7211 7211 7211 7211      7211 7211 8005 8005 8005 8005 7211                            -1   -1   -1   -1   -1   -1   -1   -1 7211 7211                                                                                                7211                7211 7211 7211 7211 7211 7211 7211 7211 7211 7211 7211 7211 7211 7211 4612 7211                7211 7211 7211                                        
 69.4    7211                7211 7211 7211 7211 7211 8005 8005 8005 7211 7211 7211 7211 7211 7211 7211 7211 7211 7211 7211 7211 8005 7211 7211 7211 7211 7211                7211 7211   -1   -1   -1   -1   -1 7211 7211                                                   8901 8005 8901 8901 8901 8901                8901   -2   -2 7211 7211 7211 7211 7211 7211 7211 4612 8005 8005 8005 4612 8005 4612 4612 4612 4612 4612 8005 4612 8005 8005 4612 4612 4612 4612 7211 4612 8005 7211 8005 8005
 65.6    7211 7211           2526 2526 2526 2526 2526 2526  752  752 7609  752   -2   -2 2121 2121 7211 7211 7211 7211 7211 7211 7211 7211      7211 7211 7211 7211                7211   -1   -1   -1 7211                3907 8005                                    8901 8901 8901 8901   -2 8901 8901 8305 8305 8305 8305 8305 8305 8005 2526 4615 7211 4615 8305 4612 4612 8005 8005 8005 8005 8005 8005 4612 4612 4612 4612 8005 8005 8005 8005 8005 8005 4612 8005 8005 8005 8005 8005 8005 7211
 61.9                        2526 2526 2526 2526 8005 2526  752  752  752  752  752   -2   -2 2121 2121 9501 2121 2035 7211                     8005 8005 7211 7211                       -1   -1                                                             8901 8901 8901 8901 8901 8901 8901 8901 8901  309  309  309 8901  309 8005 4728   -2   -2   -2   -2   -2 2526 2121 8005 8005 4612 4612 4612 4612 4612 4612 4612 4612 4612 4612 8005 8005 8005 8005 8005 8005 8005 8005 8005 8005 8005     
 58.1                             8005 2526                     8005  752 8005 8005   -2 4132 4132   -2 9501 9501 9501 4132   -2                8005 8005 8005 8005 8005                                                                         -2                8901 8901  752       471 1215 1215 1215 1215 1215 1215 1215 1215 1215 1215 1215 1215 1215 4920 4920 1215 1215  422 8005  309  309 8005 8005 8005 8005 8005 8005 8005 8005 8005 8005                     8005 8005                    
 54.4                                                                9501 9501 4132 4132 8005 4132 4132 4132 4132   -2   -2 4132 9501   -2      8005 9501 8005 9501 8005 8005                                                              514 1656 1656           9401  514  514 1215 1215 1215 1215 1215  552 2438  552 2438 2438 8005 2438 2438 2438 2438  738 2438  552 8005 8005 8005 8005 8005 8005 8005 8005 8005 8005 8005   -2 8005 8005  309                8005 8005                         
 50.6                                                                          9501 4132 9501 3428 5821 5821 4921 4921   -2 9501 9501   -2  573 9501 9501 9501 9501 9501 9501                                                                       2121  514 2121 2121 2121 2121 4714 1215  714 2438 2438 2438  738  738  738  738  738  738  738  738  738  738  738 8005 8005 8005 8005 8005 8005 8005 8005 8005  738 8005 8005  714 8005 8005 8005                                                  
 46.9                                                                               7222  324 6806 4026  621 4026 4921 4921 1416 9501 9501 9501 9501 9501 9501 9501 4132      9501                                                                   514 2121 3416  514 2133  714  752 2121  457 2438 2438  552  738 2611 2611 4924 4924 4924 4924 4924  734  726 8005 8005  726 8005 4924 8005 8005 8005  734  734  738 8005 2616 8005 8005 8005                                                       
 43.1                                                                               4510 4026  324 4132 4924 4026 4026  332  117  117  117 4132 2121 9501 5303                                                                                 3245 3245 3245 2121  752  752 8005 2121 5914  457           8005 8005 8005      6417 6417  726  726 2039 8005 8005 8005 8005 8005 3716 3716  726  726  726 4924  734 8005  471 8005 8005 8005      8005 1919                                             
 39.4                                                                               4510 7418 7023  324 4132 4026 4026  324  324  324  117 2121 4510                                                                                      7616  752 3245                      752 5914 5914  514 2039 2039 8005 8005 8005      6417  726  726 2039 8005 8005 8005  726  726 8005  630 8005 8005 2611 2039  734 8005  471 8005 8005                8005                                                  
 35.6                                                                               7806 7023 7023 4026 7023 5434 4026  324 4510 4510 4510 4510 5318                                                                                           3245 3245 3245 6417 3245                           752 8005 2039 3716 8005 8005  621 8005 2039 8005 8005 8005 8005 8005 8005 8005 8005 8005 8005 8005 3245 3416 3416  471            752  752 2949 1919                                                  
 31.9                                                                                         7023 7023 7023 5434 5821 4510  573 6423 6423 5318                                                                                           2625 2133 8005 8005  726  726 6316 5424 5424 5424 5424 4724 8005 6827 4024  630 8005  630 8005 4024 8005 8005 4618 8005 8005 8005 8005 8005 8005 8005 8005 8005 8005  676  676  676                                                                           
 28.1                                                                                          726 3711 4026 8005 7806 1744                9103                                                                                       726  726 8005  726  726  726  726  726 5424 5424  726 5424 5424 8005 8707 4024 8707 8606 8005 8005 8005 8005 8707 8707 4618 4618 8005 8005 2949 2949 8005 8005 2949 2949 2949 2949                                                                                
 24.4                                                                                               726 7806 4328 2646                                                                                                               8005 8005  726  726  726 8005 8005  726  726  726  726  726 5424 8005 8005  726 4024 4024  726 8005      8005 4024 4618 2355 5633 1362  578 2949 2949 5930 5930 2949 2949 2949 2949                                                                                
 20.6                                                                                                        6806 6806           1770           2646                                                                            8005  726 8606  726  726 8005 8005 8005  726 8005  726  726  726  726  726 8005 8005 4024 8606 4024 4024                2355 2355 1362 1362  578 5329 2949 2949 2949 2949 5930                                                                                          
 16.9                                                                                                              117 7815 7815 2630                                                                                           9305 8005 8005 9702 8005 9205  726 8005 9702 8005 8005 8005  726 7311 7311 9702 8005 8606 4024 4024                     2355 2355 5633                 676 2949 2949 2949                3527                                                                           
 13.1                                                                                                                            5329  383                                                                                      1455 8005 8005 5936 9702 9205 9205 9205 9305 9305 8005 8005 9305 3754 3330 3330 8005 8005                                    5633 5633                     2949 5930 2949                6808                                                                           
  9.4                                                                                                                                  383  383  117 3437  471 7815 7815                                                             8005 1668 3434 5936 5936 5936 8005 5936 3516 1668 9503 9503 3754 7022 3330 8606 6316 3716                               5633 1763                     2949       676                     2949                                                                      
  5.6                                                                                                                                           1576 5035 5035 1576 1576 1576 1576                                                        6929 1668 3434 5936 1455 1668 5232 5343 5232 5232 5343 3754 3754 6520 8606 5424                                                                  2949 2949                2949                                                                                
  1.9                                                                                                                                           8005 1576  887 1576 1576 1576 1576 1576                                                                            5232 5232 5232 6929 5232 5232 5232 8005  726 8606                                                                       2647 5930      2949 2949 2949                                                                                
 -1.9                                                                                                                                      2625  887  887  887  887 3639  887  887  887  887  887                                                                  6427 6427 6929 6929 6929 1455 5232 1770 5936                                                                                 2949      1560 2949 1029 2647           1560 7616 5329                                                  
 -5.6                                                                                                                                      7609  887  887  887  887  887  887 1576 1576  887 8413 5638 5638                                                             5232 8315 6929 6929 2661 1668 1668 1668                                                                                      2949                                      -2 5930 5329                                             
 -9.4                                                                                                                                           8005  887  887  887  887 1576 1576 5035 1277 1576 5638 5638                                                             5936 8315 8315 5232 5232 5232 1770 8016                                                                                                                                   6112      7616                                        
-13.1                                                                                                                                           8005 8005 7815 5035 7815 1277 7815 5035 1277 9304 5638                                                                  5936 8315 8315 6929 5232 5232 5936 5936                                                                                                                    1763 8005           1763                                             
-16.9                                                                                                                                                8005 8005 8005 9304 4729 8413 1576 1277 1576  887                                                                  8005 9305 3253 9305 8005 5936 5232 5936      5232                                                                                                     8005 8005 1864 8005 8804 1763                                             
-20.6                                                                                                                                                     7418 8005 3711 4729 8413 9304 9304 1576                                                                       8005 1056 9305 9305 5729 5936 3516      9305 5232                                                                                           4128 8013 9503 8013 8013 1864 1864 1864 1180                                        
-24.4                                                                                                                                                     7418 7023 7311 4729 2259 7815 7815                                                                                 6316 9305 9305 9305 9305                1770                                                                                      4128 7418 8013 8013 8013 8013 9503 1864 1864 1864 5634                                   
-28.1                                                                                                                                                     8005 7311 3711 3829 1560 1560                                                                                      6316 9305 9305 3754 5638                                                                                                          6827 7418 8013 8013 8013 6827 6831 1864 6827 6827 5634                                   
-31.9                                                                                                                                                     7418 7311 2542 2646 2542                                                                                                6316 6316 5638                                                                                                                    5634 8609 8609 8609 9503 8609 8609 8609 6827 8507                                   
-35.6                                                                                                                                                8005 8005 7609 4025 6608                                                                                                                                                                                                                                                                8312 8609 4128 1180                                        
-39.4                                                                                                                                                 919 7609 6316 3711                                                                                                                                                                                                                                                                               5634                                    3522     
-43.1                                                                                                                                                8005 7023 7023                                                                                                                                                                                                                                                                                         1165                          3522          
-46.9                                                                                                                                                8005 7023                                                                                                                                                                                                                                                                                                                                          
-50.6                                                                                                                                                8005 4026                                                                                                                                                                                                                                                                                                                                          
-54.4                                                                                                                                                8005 2542                                                                                                                                                                                                                                                                                                                                          
-58.1                                                                                                                                                                                                                                                                                                                                                                                                                                                                                                   
-61.9                                                                                                                                                                                                                                                                                                                                                                                                                                                                                                   
-65.6                                                                                                                                                            -1   -1                                                                                                                                                         -1                                                     -1   -1   -1        -1   -1                       -1                                                            
-69.4                                                                                                                                                  -1   -1   -1   -1                                                                              -1                  -1   -1             -1   -1   -1   -1   -1   -1   -1   -1   -1   -1   -1   -1   -1   -1   -1   -1   -1   -1   -1   -1   -1   -1   -1   -1   -1   -1   -1   -1   -1   -1   -1   -1   -1   -1   -1   -1                         
-73.1                                                                            -1   -1                       -1   -1   -1   -1   -1   -1   -1   -1   -1   -1   -1   -1                                                     -1   -1   -1   -1   -1   -1   -1   -1   -1   -1   -1   -1   -1   -1   -1   -1   -1   -1   -1   -1   -1   -1   -1   -1   -1   -1   -1   -1   -1   -1   -1   -1   -1   -1   -1   -1   -1   -1   -1   -1   -1   -1   -1   -1   -1   -1   -1   -1   -1   -1   -1               
-76.9                                    -1   -1   -1   -1   -1   -1   -1   -1   -1   -1   -1   -1   -1   -1   -1   -1   -1   -1   -1   -1   -1   -1   -1   -1   -1   -1   -1   -1   -1                       -1   -1   -1   -1   -1   -1   -1   -1   -1   -1   -1   -1   -1   -1   -1   -1   -1   -1   -1   -1   -1   -1   -1   -1   -1   -1   -1   -1   -1   -1   -1   -1   -1   -1   -1   -1   -1   -1   -1   -1   -1   -1   -1   -1   -1   -1   -1   -1   -1   -1   -1   -1   -1                    
-80.6      -1   -1   -1   -1   -1   -1   -1   -1   -1   -1   -1   -1   -1   -1   -1   -1   -1   -1   -1   -1   -1   -1   -1   -1   -1   -1   -1   -1   -1   -1   -1   -1   -1   -1   -1   -1   -1   -1   -1   -1   -1   -1   -1   -1   -1   -1   -1   -1   -1   -1   -1   -1   -1   -1   -1   -1   -1   -1   -1   -1   -1   -1   -1   -1   -1   -1   -1   -1   -1   -1   -1   -1   -1   -1   -1   -1   -1   -1   -1   -1   -1   -1   -1   -1   -1   -1   -1   -1   -1   -1   -1   -1   -1   -1   -1   -1
-84.4      -1   -1   -1   -1   -1   -1   -1   -1   -1   -1   -1   -1   -1   -1   -1   -1   -1   -1   -1   -1   -1   -1   -1   -1   -1   -1   -1   -1   -1   -1   -1   -1   -1   -1   -1   -1   -1   -1   -1   -1   -1   -1   -1   -1   -1   -1   -1   -1   -1   -1   -1   -1   -1   -1   -1   -1   -1   -1   -1   -1   -1   -1   -1   -1   -1   -1   -1   -1   -1   -1   -1   -1   -1   -1   -1   -1   -1   -1   -1   -1   -1   -1   -1   -1   -1   -1   -1   -1   -1   -1   -1   -1   -1   -1   -1   -1
-88.1      -1   -1   -1   -1   -1   -1   -1   -1   -1   -1   -1   -1   -1   -1   -1   -1   -1   -1   -1   -1   -1   -1   -1   -1   -1   -1   -1   -1   -1   -1   -1   -1   -1   -1   -1   -1   -1   -1   -1   -1   -1   -1   -1   -1   -1   -1   -1   -1   -1   -1   -1   -1   -1   -1   -1   -1   -1   -1   -1   -1   -1   -1   -1   -1   -1   -1   -1   -1   -1   -1   -1   -1   -1   -1   -1   -1   -1   -1   -1   -1   -1   -1   -1   -1   -1   -1   -1   -1   -1   -1   -1   -1   -1   -1   -1   -1
