TOPO          96      48        Topography from Navy 1x1 (m)

         -178 -174 -171 -167 -163 -159 -156 -152 -148 -144 -141 -137 -133 -129 -126 -122 -118 -114 -111 -107 -103  -99  -96  -92  -88  -84  -81  -77  -73  -69  -66  -62  -58  -54  -51  -47  -43  -39  -36  -32  -28  -24  -21  -17  -13   -9   -6   -2    2    6    9   13   17   21   24   28   32   36   39   43   47   51   54   58   62   66   69   73   77   81   84   88   92   96   99  103  107  111  114  118  122  126  129  133  137  141  144  148  152  156  159  163  167  171  174  178

 87.2       0    0    0    0    0    0    0    0    0    0    0    0    0    0    0    0    0    0    0    0    0    0    0    0    0    0    0    0    0    0    0    0    0    0    0    0    0    0    0    0    0    0    0    0    0    0    0    0    0    0    0    0    0    0    0    0    0    0    0    0    0    0    0    0    0    0    0    0    0    0    0    0    0    0    0    0    0    0    0    0    0    0    0    0    0    0    0    0    0    0    0    0    0    0    0    0
 83.5       0    0    0    0    0    0    0    0    0    0    0    0    0    0    0    0    0    0    0    0    0    0    0    0    0    0    0    0    0    0    0    0    0    0    0    0   51  241  233  159    4    0    0    0    0    0    0    0    0    0    0    0    0    0    0    0    0    0    0    0    0    0    0    0    0    0    0    0    0    0    0    0    0    0    0    0    0    0    0    0    0    0    0    0    0    0    0    0    0    0    0    0    0    0    0    0
 79.8       0    0    0    0    0    0    0    0    0    0    0    0    0    0    0    0    0    0    0    0    0    0    1  493  274  363  883  797  360  305  537 1030 1443 1743 1915 2054 2143 2141 1912 1621 1133  712  262    6    0    0    0    0    0    0    0    1    1    1    1    0    0    0    0    0    0    0    0    0    0    0    0    0    0    0    0    0    0   27    0    0    0    0    0    0    0    0    0    0    0    0    0    0    0    0    0    0    0    0    0    0
 76.1       0    0    0    0    0    0    0    0    0    0    0    0    0    0    0    0    1    1    1    1    1    1    1    1   81  207  180    0    0    1    1  254  871 1769 2287 2604 2785 2730 2600 2421 2061 1224  205    0    0    0    0    0    0    0    0    0    1    0    0    0    0    0    0    0    0    0    0    0    0    0    0    0    0    0    0    0    0  105   58  119  183  115    0    0    0    0    0    0    0    1    0    0    0    0    0    0    0    0    0    0
 72.4       0    0    0    0    0    0    0    0    0    0    0    0    0    0    0  116    9   74   64   46    0    1   65    1   62  106  163  185    0    0    0    0    0  506 1660 2485 2836 3067 3068 2598 1217  427    1    0    0    0    0    0    0    0    0    0    0    0    0    0    0    0    0    0    0    0  120    0    0    0   23   12   15   34   61   74  138  124  109  135  188  132   69   64   92  115    0    0    0   43   32   33    0    0    0    0    0    0    0    0
 68.7      93    0    0    0  179  372  502  565  683  624  417  251   92  211  175  285  157  159  151   91   46    7   58  151   61  174    1   41  221  312    0    0    0    1  539 1972 2570 2742 2382 1039  579    1    0    0    0    0    0    0    0    0    0    0  126  426  291  223  127   72    0    0    0    5   18   36   92  190   51   20   40   57   69  206  623  780  606  342  399  353  263  219  169  375  856  344  540  546  237  171  105  132  158  231  404  300  387  456
 64.9      25   77    0    0   85  202  254  490  632  740  877  955 1031  983  492  272  283  400  443  344  240  184  145  180   76   37    0    1   20  248  196    0    0    0  615 2204 2002  112    1    0    0    0  138  243    0    0    0    0    0    0    0  413  454  134   62  190  147   26   50   70  114  136   98  227  210  111   78   74   78   72   85  149  418  512  502  491  475  477  386  217  172  284  761  761  941 1247 1096  872  349  499  656  680  543  315  248  160
 61.2       0    0    0    0   59  241  373  505  566  554 1200 1074 1154 1242 1049  416  342  251  297  409  360  283   98    0    0    0    0   68  184    1    1    0    0    0    0  300  242    0    0    0    0    0    0    0    0    0    0    0    0  247  762  438  102    1   78   64   67   99  120  134  145  126  132  307  116   93   86   89   90   97  113  126  341  434  411  460  431  434  449  322  364  367  293  285  695 1087  884  730  655  405  157  175    1    1    1    0
 57.5       0    0    0    0    0   42    1    0    0    0    0    1  596 1229 1337  788  584  526  431  469  397  303  166   16    0    0    0   79  290  242  365   62    0    0    0    0    0    0    0    0    0    0    0    0    0    0   48    0    0    0    1   90    1    0   51  102  137  166  132  120  109  133  161  275  159   82   76   83   84  100  115  176  262  317  353  443  570  845 1018 1038  772  835  878  747  568   70    0    0    0    0  417    1    0    0    0    0
 53.8       0    0    0    0    0    0    0    0    0    0    0    0    1  367 1095 1140 1328  829  641  529  411  256  252  257  178   74    0  202  452  590  548  381   99    0    0    0    0    0    0    0    0    0    0    0    0    1   27  106    0    0   35   30   54   82  142  163  178  191  156  158  161  114  196  432  218  179  208  148  110  157  251  660  771 1176 1229  684  772 1160 1045  922  717  513  483  829  239   28    0    0    0   33    1    0    0    0    0    0
 50.1       0    0    0    0    0    0    0    0    0    0    0    0    0    0  349 1090 1345 1366  861  719  596  389  314  414  296  231  193  307  434  429  232   40   78    0    0    0    0    0    0    0    0    0    0    0    0    0    0   39   70  215  356  398  321  339  312  215  139  151  149  127   45   24  119  282  192  261  380  549  509  454 1151 2160 1572 1675 1980 1398 1116 1273  852  718  788  375  310  539  369  160    0    0    0    0    0    0    0    0    0    0
 46.4       0    0    0    0    0    0    0    0    0    0    0    0    0    0    0  651  899 1717 1611 1036  806  508  376  350  236  254  285  298  324  278   92    1    0    1    0    0    0    0    0    0    0    0    0    0    0    0    0    1  337  753  933  720  310  207  605  160    1    1   86  158    1    1   46  136   95  192  324  484  520 1089  977  887 1753 2006 2205 1567 1401 1101 1004  928  484  213  450  198   94    0    0    0    0    0    0    0    0    0    0    0
 42.7       0    0    0    0    0    0    0    0    0    0    0    0    0    0    0 1229 1471 1692 2143 1916 1181  644  395  289  213  240  272  321  259    1    0    0    0    0    0    0    0    0    0    0    0    0    0    0    0    0    1  328  235    1    1   50   83  639  450    1    0    0    1 1271  753    0  118   95  136  238  823 1639 2226 2112 1772 1354 1124 1497 1369 1378 1264 1248 1254 1005  269  448  215    1    0    1    1    0    0    0    0    0    0    0    0    0
 39.0       0    0    0    0    0    0    0    0    0    0    0    0    0    0    0  470 1793 1790 1951 2576 1360  648  335  243  176  280  460  125    0    0    0    0    0    0    0    0    0    0    0    0    0    0    0    0    0    1  522  556    0    0    0    0    1    1    1  466 1081 1225 1336 1820 1248    0  149  418  198  562 1862 3820 2312 1247 1289 2416 2422 3089 2957 1811 1454 1275  769   91   37  212    0    0    0    1    0    0    0    0    0    0    0    0    0    0
 35.3       0    0    0    0    0    0    0    0    0    0    0    0    0    0    0    1  740  979 1742 2064 1280  531  249  148  165  391  239    1    0    0    0    0    0    0    0    0    0    0    0    0    0    0    0    0    0    0   46    1  452  437  249    0    0    0    0    0    1    1  462  353 1540 1549 1040 1206 1004 2101 2434 2734 4613 4698 5000 5262 4877 4371 3982 2719 1488  918  253  107    0    0    1    1    1    1    0    0    0    0    0    0    0    0    0    0
 31.5       0    0    0    0    0    0    0    0    0    0    0    0    0    0    0    0    0  201 1079 1493 1013  474  105   42   46   83    1    0    0    0    0    0    0    0    0    0    0    0    0    0    0    0    0    0    0    1 1157  858  615  223  290  304    1    1    1    1    1  382  718  285  206 1515 1697 1199  886 1501 1293  258 2016 4599 5193 5151 4929 4841 4301 2246  858  709  148  168    9    0    0    0    0    0    0    0    0    0    0    0    0    0    0    0
 27.8       0    0    0    0    0    0    0    0    0    0    0    0    0    0    0    0    0    1   38 1727 1190  254    1    0    0    0    1    0    0    0    0    0    0    0    0    0    0    0    0    0    0    0    0    0    1  408  443  361  408  536  560  562  429  166  171  199  325  355  896  631  298  173  924  905 1038 1040  228  258  279  652 2230 3155 2638 1920 3268 1941  949  476  273  458    0    0    0    0    0    0    0    0    0    0    0    0    0    0    0    0
 24.1       0    0    0    0    0    0    0    0    0    0    0    0    0    0    0    0    0    0    1  232 1889  779    0    0    0    0    0    0    0    0    0    0    0    0    0    0    0    0    0    0    0    0    0    0  240  321  304  251  416 1091 1019  755  568  494  576  401  292    1  534  890  584  117   93    1    0    1   38  282  427  400  334   61  480  631 1575 1582  632  345  282   78    0    0    0    0    0    0    0    0    0    0    0    0    0    0    0    0
 20.4       0    0    0    0    0    0    0    0    0    0    0    0    0    0    0    0    0    0    0    0 1348 1534    0    0    1    0    0    1    0    0    0    0    0    0    0    0    0    0    0    0    0    0    0    1  226  364  365  314  523  555  693  526  923  585  653  426  320  414    1 1104  570  241  160    1    0    0    0  234  428  377  147    1    1  477  908  870   80    1    0    0    0    0    0    0    0    0    0    0    0    0    0    0    0    0    0    0
 16.7       0    0    0    0    0    0    0    0    0    0    0    0    0    0    0    0    0    0    0    0    0    1    1  586    1    0    0    0    0    0    0    0    0    0    0    0    0    0    0    0    0    0    0    1  120  258  312  309  391  384  556  388  285  532  794  558  436  574  189 1045  891  454    1    0    0    0    0    1  481    1    0    0    0    1  364  248  268    0    0    0    1    0    0    0    0    0    0    0    0    0    0    0    0    0    0    0
 13.0       0    0    0    0    0    0    0    0    0    0    0    0    0    0    0    0    0    0    0    0    0    0    0    0    1  105    0    0    0    0    0    0    0    0    0    0    0    0    0    0    0    0    0    1  197  365  324  304  258  382  459  319  343  614  919  699  491  945 1357  339    1    0    0    0    0    0    0    0  573    1    0    0    0    0   92  113  292    0    0    0    1    0    0    0    0    0    0    0    0    0    0    0    0    0    0    0
  9.3       0    0    0    0    0    0    0    0    0    0    0    0    0    0    0    0    0    0    0    0    0    0    0    0    0    1    1    1  503  356   97   56    0    0    0    0    0    0    0    0    0    0    0    0    1  476  329  226  291  323  471  536  423  519  699  481  423 1549 1847  955  661    1    0    0    0    0    0    0    1    1    0    0    0    0    3    0    1    0    0    0    0    1    0    0    0    0    0    0    0    0    0    0    0    0    0    0
  5.6       0    0    0    0    0    0    0    0    0    0    0    0    0    0    0    0    0    0    0    0    0    0    0    0    0    0    0    1 1089  182  648  629  130    1    0    0    0    0    0    0    0    0    0    0    0    1    1    1    1    1  434  806  614  564  702  659  635 1073 1443  519  124    0    0    0    0    0    0    0    0    0    0    0    0    0   24   92    0    0    0    1    0    0    0    0    0    0    0    0    0    0    0    0    0    0    0    0
  1.9       0    0    0    0    0    0    0    0    0    0    0    0    0    0    0    0    0    0    0    0    0    0    0    0    0    0    0  970  380  160  374  224  227  248   31    0    0    0    0    0    0    0    0    0    0    0    0    0    0    0    1  569  433  409  486  879 1121 1210  449    1    0    0    0    0    0    0    0    0    0    0    0    0    0    0  152   29    0   91  586    1    0    0    0    0    0    0    0    0    0    0    0    0    0    0    0    0
 -1.9       0    0    0    0    0    0    0    0    0    0    0    0    0    0    0    0    0    0    0    0    0    0    0    0    0    0    1  669  104  100   43   53   70   98   28   35    1    0    0    0    0    0    0    0    0    0    0    0    0    0    1  452  371  393  522 1293 1257 1512  241    0    0    0    0    0    0    0    0    0    0    0    0    0    0    0    0  111    0   64  116    1    1    0    0    1    1    1    0    0    0    0    0    0    0    0    0    0
 -5.6       0    0    0    0    0    0    0    0    0    0    0    0    0    0    0    0    0    0    0    0    0    0    0    0    0    0    1  823  138   93   51   41  103  194  225  215  199  266    1    0    0    0    0    0    0    0    0    0    0    0    0  173  646  612  680  954 1206 1177    1    0    0    0    0    0    0    0    0    0    0    0    0    0    0    0    0    0    1    0    0    0    0    0    0    0  229  505  607    0    0    0    0    0    0    0    0    0
 -9.3       0    0    0    0    0    0    0    0    0    0    0    0    0    0    0    0    0    0    0    0    0    0    0    0    0    0    0 1988  330  188  145  203  270  355  283  404  427  425    1    0    0    0    0    0    0    0    0    0    0    0    0    1 1044 1027 1022 1137 1330  960    1    0    0    0    0    0    0    0    0    0    0    0    0    0    0    0    0    0    0    0    0    0    0    0    0    0    0    1    0    1    0    0    0    0    0    0    0    0
-13.0       0    0    0    0    0    0    0    0    0    0    0    0    0    0    0    0    0    0    0    0    0    0    0    0    0    0    0    1 2734 1169  221  301  392  384  361  633  636    1    0    0    0    0    0    0    0    0    0    0    0    0    0    1 1476 1184 1213 1196 1117  741   23    0    0    0    0    0    0    0    0    0    0    0    0    0    0    0    0    0    0    0    0    0    0    0    1   76    0    0    1    0    0    0    0    0    0    0    0    0
-16.7       0    0    0    0    0    0    0    0    0    0    0    0    0    0    0    0    0    0    0    0    0    0    0    0    0    0    0    0    1 3324 1490  309  194  459  603  732  662    1    0    0    0    0    0    0    0    0    0    0    0    0    0  626 1172 1093 1041  951  817  353    1    0  325    0    0    0    0    0    0    0    0    0    0    0    0    0    0    0    0    0    0    0    0  237  213  202   92   12  104    0    0    0    0    0    0    0    0    0
-20.4       0    0    0    0    0    0    0    0    0    0    0    0    0    0    0    0    0    0    0    0    0    0    0    0    0    0    0    0    0 1655 3026  379  158  371  429  804  657    0    0    0    0    0    0    0    0    0    0    0    0    0    0    1 1320 1107  961 1033  656    1    0    1  658    0    0    0    0    0    0    0    0    0    0    0    0    0    0    0    0    0    0   35  179  287  388  372  253  182  376   21    0    0    0    0    0    0    0    0
-24.1       0    0    0    0    0    0    0    0    0    0    0    0    0    0    0    0    0    0    0    0    0    0    0    0    0    0    0    0    0 1764 2488  175  130  379  642  341    0    0    0    0    0    0    0    0    0    0    0    0    0    0    0    0 1271 1133 1074 1090  337    0    0    0    1    0    0    0    0    0    0    0    0    0    0    0    0    0    0    0    0    0    1  494  456  417  527  525  179  138  265  290    1    0    0    0    0    0    0    0
-27.8       0    0    0    0    0    0    0    0    0    0    0    0    0    0    0    0    0    0    0    0    0    0    0    0    0    0    0    0    0 2522 1078  110   71  296  584    0    0    0    0    0    0    0    0    0    0    0    0    0    0    0    0    0  628  939 1257 1616    1    0    0    0    0    0    0    0    0    0    0    0    0    0    0    0    0    0    0    0    0    0    1  441  466  386  412  309   47   76  182  249  231    0    0    0    0    0    0    0
-31.5       0    0    0    0    0    0    0    0    0    0    0    0    0    0    0    0    0    0    0    0    0    0    0    0    0    0    0    0    0 1940  615   95   80  151    0    0    0    0    0    0    0    0    0    0    0    0    0    0    0    0    0    0    0  951 1147  547    0    0    0    0    0    0    0    0    0    0    0    0    0    0    0    0    0    0    0    0    0    0    0  342  310   92    1   64  160  140  130  287    1    0    0    0    0    0    0    0
-35.3       0    0    0    0    0    0    0    0    0    0    0    0    0    0    0    0    0    0    0    0    0    0    0    0    0    0    0    0    1 1558  334  100   28    0    0    0    0    0    0    0    0    0    0    0    0    0    0    0    0    0    0    0    0    0    0    0    0    0    0    0    0    0    0    0    0    0    0    0    0    0    0    0    0    0    0    0    0    0    0    0    0    0    0    0    1   63  120  524    0    0    0    0    0    0    0    0
-39.0       0    0    0    0    0    0    0    0    0    0    0    0    0    0    0    0    0    0    0    0    0    0    0    0    0    0    0    0    1  833  202   82    0    0    0    0    0    0    0    0    0    0    0    0    0    0    0    0    0    0    0    0    0    0    0    0    0    0    0    0    0    0    0    0    0    0    0    0    0    0    0    0    0    0    0    0    0    0    0    0    0    0    0    0    0    0    1    0    0    0    0    0    0    0    1    0
-42.7       0    0    0    0    0    0    0    0    0    0    0    0    0    0    0    0    0    0    0    0    0    0    0    0    0    0    0    0  356  875  168    0    0    0    0    0    0    0    0    0    0    0    0    0    0    0    0    0    0    0    0    0    0    0    0    0    0    0    0    0    0    0    0    0    0    0    0    0    0    0    0    0    0    0    0    0    0    0    0    0    0    0    0    0    0    0    0    1    0    0    0    0    0    1    0    0
-46.4       0    0    0    0    0    0    0    0    0    0    0    0    0    0    0    0    0    0    0    0    0    0    0    0    0    0    0    0  654  535    0    0    0    0    0    0    0    0    0    0    0    0    0    0    0    0    0    0    0    0    0    0    0    0    0    0    0    0    0    0    0    0    0    0    0    0    0    0    0    0    0    0    0    0    0    0    0    0    0    0    0    0    0    0    0    0    0    0    0    0    0    0    0    0    0    0
-50.1       0    0    0    0    0    0    0    0    0    0    0    0    0    0    0    0    0    0    0    0    0    0    0    0    0    0    0    0  550  236    0    0    0    0    0    0    0    0    0    0    0    0    0    0    0    0    0    0    0    0    0    0    0    0    0    0    0    0    0    0    0    0    0    0    0    0    0    0    0    0    0    0    0    0    0    0    0    0    0    0    0    0    0    0    0    0    0    0    0    0    0    0    0    0    0    0
-53.8       0    0    0    0    0    0    0    0    0    0    0    0    0    0    0    0    0    0    0    0    0    0    0    0    0    0    0    0    1   82    0    0    0    0    0    0    0    0    0    0    0    0    0    0    0    0    0    0    0    0    0    0    0    0    0    0    0    0    0    0    0    0    0    0    0    0    0    0    0    0    0    0    0    0    0    0    0    0    0    0    0    0    0    0    0    0    0    0    0    0    0    0    0    0    0    0
-57.5       0    0    0    0    0    0    0    0    0    0    0    0    0    0    0    0    0    0    0    0    0    0    0    0    0    0    0    0    0    0    0    0    0    0    0    0    0    0    0    0    0    0    0    0    0    0    0    0    0    0    0    0    0    0    0    0    0    0    0    0    0    0    0    0    0    0    0    0    0    0    0    0    0    0    0    0    0    0    0    0    0    0    0    0    0    0    0    0    0    0    0    0    0    0    0    0
-61.2       0    0    0    0    0    0    0    0    0    0    0    0    0    0    0    0    0    0    0    0    0    0    0    0    0    0    0    0    0    0    0    0    0    0    0    0    0    0    0    0    0    0    0    0    0    0    0    0    0    0    0    0    0    0    0    0    0    0    0    0    0    0    0    0    0    0    0    0    0    0    0    0    0    0    0    0    0    0    0    0    0    0    0    0    0    0    0    0    0    0    0    0    0    0    0    0
-64.9       0    0    0    0    0    0    0    0    0    0    0    0    0    0    0    0    0    0    0    0    0    0    0    0    0    0    0    0    0    0    1    1    0    0    0    0    0    0    0    0    0    0    0    0    0    0    0    0    0    0    0    0    0    0    0    0    0    0    0    0    0    0    1    0    0    0    0    0    0    0    0    0    0    1    1    1    0    1    1    0    0    0    0    1    0    0    0    0    0    0    0    0    0    0    0    0
-68.7       0    0    0    0    0    0    0    0    0    0    0    0    0    0    0    0    0    0    0    0    0    0    0    0    0    0    0    0    1    1  830    1    0    0    0    0    0    0    0    0    0    0    0    0    0    0    0    1    0    0    0    1    1    0    0    1    1    1    1  152  874 1544 1935 1606 1202  698    1    1    1  976 1453 1738 1935 1971 1919 2058 1934 1717 1562 1414 1610 1727 1638 1906 1974 1657  972  487  134    1    1    0    0    0    0    0
-72.4       0    0    0    0    0    0    0    0    0    0    0    0    0    0    1    1    0    0    0    0    1    1    1    1    1    1    1    1  124  473 1471  617    0    0    0    0    0    0    0    0    0    0    1    1    1  602 1136 1123 1570 2081 2293 2270 2202 1918 1991 2130 1984 2179 2395 2612 2682 2697 2651 2437 1920 1196  675 1576 2429 2836 3050 3163 3242 3240 3087 2909 2824 2846 2878 2888 2918 2934 2841 2771 2677 2456 2293 2131 2067 2054 1889 1447  789    0    0    0
-76.1       0    0    0    0    0    0    1    1    1    1  365  915 1117 1318 1339 1256 1191  996  811  713  733  841 1010 1143 1248  885  552  397  691  819  421    1    1    1    1    0    0    0    0    1    1  300  816 1575 2399 2720 2848 2800 2842 3253 3462 3451 3400 3337 3314 3286 3230 3185 3136 3012 2897 2771 2684 2524 2217 2071 2281 2817 3110 3238 3370 3519 3610 3621 3507 3351 3229 3181 3145 3123 3091 3026 2868 2704 2660 2618 2552 2403 2297 2173 1730  240    0    0    0    0
-79.8       1    1    1    1    1    1  137  361  500  568  675  849 1074 1307 1394 1483 1595 1686 1741 1835 1882 1986 2047 1963 1674 1060  345  151   66   67   40   15   24  115  468  448   48    1  163  431  798 1312 1942 2446 2742 2791 2836 2735 2844 3108 3249 3313 3358 3396 3425 3455 3486 3497 3524 3480 3386 3301 3266 3256 3273 3359 3498 3612 3664 3680 3699 3781 3692 3620 3542 3448 3344 3198 3138 3097 3059 2961 2784 2650 2543 2450 2355 2202 1947 1763 1122  310   26    1    1    1
-83.5     243  196  146   55    8    1   23  229  314  356  452  586  663  763  852  971 1308 1556 1783 2049 2181 2154 2127 2054 1760 1288  859  730  659  542  440  357  494  835  971  802  931 1212 1345 1517 1664 1936 2236 2522 2725 2769 2757 2680 2703 2850 2964 3047 3107 3178 3245 3344 3432 3495 3566 3617 3629 3656 3691 3728 3753 3848 3845 3802 3741 3640 3629 3631 3483 3382 3325 3287 3245 3148 3100 3056 2964 2855 2763 2694 2581 2515 2461 2355 2221 2132 1851 1445 1063  545  583  334
-87.2    2737 2751 2754 2533 2163 1947 1947 1704 1818 1917 1940 2011 2023 2010 2077 2213 2187 2222 2284 2343 2296 2236 2223 2191 1936 1680 1490 1493 1638 1785 1912 1988 1980 1978 1994 2055 2113 2189 2266 2333 2389 2471 2520 2639 2714 2734 2717 2697 2704 2709 2795 2848 2857 2866 2875 2892 2931 2970 2999 3057 3103 3103 3119 3137 3160 3185 3196 3193 3193 3170 3170 3170 3146 3135 3117 3105 3096 3081 3058 3033 2976 2925 2900 2893 2888 2892 2889 2870 2838 2769 2728 2714 2702 2751 2820 2799
