GWDH          96      48        Gravity-wave-drag s.d. topog (m).  resol=T31.                                   

         -178 -174 -171 -167 -163 -159 -156 -152 -148 -144 -141 -137 -133 -129 -126 -122 -118 -114 -111 -107 -103  -99  -96  -92  -88  -84  -81  -77  -73  -69  -66  -62  -58  -54  -51  -47  -43  -39  -36  -32  -28  -24  -21  -17  -13   -9   -6   -2    2    6    9   13   17   21   24   28   32   36   39   43   47   51   54   58   62   66   69   73   77   81   84   88   92   96   99  103  107  111  114  118  122  126  129  133  137  141  144  148  152  156  159  163  167  171  174  178

 87.2                                                                                                                                                                                                                                                                                                                                                                                                                                                                                                   
 83.5                                                                                                                                  125  283  334  326  294  257  120            107  223  232  211  215  221  182  143                                                                                                                                                                                                                                                                              
 79.8                                                                                            6    1    2         2   87  245  255  240  300  356  340  349  176  432  344  235  214  211  210  192  201  229  237  236  175   74                                      43  172  133   85                                                                                             46   23   10   13   15                                                                                          
 76.1                                                                                 27   30   41    6   13        17   73  149  151  215  258  191            231  298  275  256  192  126   96  106  128  175  246  291  210   75                                           50   25                                                51   27                                 13   37   46   40   89  118  138   28                                                                                     
 72.4                                                                                 48   68   50   52   39   26   15   52   83   35  166  215  187  130   35                 137  254  189  107  143  200  234  314  348  188   27                                                                                                  56   29         2    9   10   13   20   60  147  177  152  111  116  137   80   29   31   51   83   82   79   89   93   82   46    9                              
 68.7     114    7    7        59  142  188  248  274  261  241  202  194  206  162  108  106   97  100   80   55   44   56   76   77  107  112   31  112  189  167    8        53  229  193  175  306  383  400  426  151   32   16    4                                  3   87  142  100   81   74   69   32    3    2    3   31   61   98  109   59   23   16   20   32   75  157  183  161  119  112  118   79   53   47   92  168  184  188  223  255  239  144   97  113  135  157  141  137  162
 64.9      79   68   68        58  134  198  346  394  368  354  297  312  343  299  177  111   84   77   59   43   45   47   63   58   64   17        39  105  199   78             70  194  268  271   54                  36  150   39                            89  109  151   89   58   55   62   57   47   36   29   34   40   94  135  104   34   13   12   18   24   48  101  121  114   97   93   91   77   65   61   99  181  214  209  258  336  284  205  174  213  227  211  196  174  152
 61.2                          49  133  210  369  423  250  426  358  299  295  287  232  140  106   87   63   44   34   32   23                  11   48   59   62                       86  139   74                                                         164  380  228  114   21   20   34   40   38   36   31   25   26   31   59   77   43   16   12   10   15   21   38   82  104   95   82   89  114  129  137  125  122  160  178  241  403  526  331  214  197  101  168  196   95   84   62
 57.5                           9   26  118   61   71   20   81   72  297  329  290  250  179  130   92   64   45   30   27   29    2    2        14   62   82   75   42    5                                                                         63        54   89   57   67   16   10   31   33   30   27   23   24   28   33   50   52   27   22   20   21   21   38   79  128  177  177  114  137  220  233  229  196  173  204  255  435  326  113   69   41   37   76  150   33               
 53.8                                                                       99  274  297  285  230  109   68   62   49   34   38   45   39   18   22   56   77  100  108   95   18                                                                    63   13   16   74   81   64   76   66   50   27   24   25   25   28   33   40   60   59   35   38   49   68   79  142  239  296  336  328  245  218  271  235  199  166  168  223  361  697  476   32                 240  107                    
 50.1                                                                           113  334  343  308  193  135   95   63   42   43   58   55   50   56   82  113  131   95   50   57                                                                    58   79  119  215  200  184  196  175  130   51   40   59   96   78   41   35   47   45   41   70  109  149  237  320  413  412  375  331  281  226  216  166  133  120  113  144  233  461  434   77                  68                         
 46.4                                                                                256  304  310  282  259  172   83   49   50   69   66   69   89  114  129  104   46        11                                                                7   16  237  288  397  386  322  296  270  212  100   97  191  360  343  128   10   46   43   65  192  352  449  598  605  585  541  491  394  274  183  149  130  131  129  101  146  183  235  147   17                                             
 42.7                                                                                201  263  282  284  288  193   90   52   41   44   48   79  119  122   78                                                                              16  204  159  362  234   56  248  300  348  328  271  132  116  170  608  712  307  127  109   87  150  456  731  843  896  746  670  627  526  388  253  165  135  172  222  194  166  203  160  100   25  111                                             
 39.0                                                                                149  332  314  300  301  208   81   46   44   44   78  126  112   71   11                                                                              24  180  299  114                  63  134  255  209  330  393  508  576  615  315  103  294  232  304  607  775  803  862  787  739  671  580  542  407  242  185  230  254  137  114  104            101   50                                             
 35.3                                                                                 19  215  342  311  279  196   86   54   55   66  138  191   97    9                                                                                    3  151  322  240  254  264    4    1        44   28   71  142  313  289  387  432  365  350  333  426  677  810  761  695  657  607  555  530  530  447  333  265  235  180   41    9   18  113  232  166   12                                             
 31.5                                                                                          137  248  261  215  129   61   32   32   63   95                                                                                             79  330  284  180  172  182  113   62   19   66   20   40  110  194  137  268  392  424  377  358  395  464  517  581  765  877  716  592  671  592  467  381  276  199  156  124                                                                           
 27.8                                                                                               136  277  262  184   72    5    5        21                                                                                             88  188  129   93  131  144  104   96   77   58   71  130  233  202  112  134  182  193  396  366  350  299  237  283  665  983 1084 1011  893  688  472  337  228  166  169   98                                                                           
 24.1                                                                                                14  191  320  303  136              1    3                                                                                        27   75   79   55   80  155  168  118  131  127   79   71   92  144  120  150   86   87  146  252  161   74   72  105  108  230  429  708  756  602  469  378  290  192  141   95  160                                                                           
 20.4                                                                                                         191  479  303   95   64   21                  29                                                                    10   30   42   35   42   61  106  121  108  164  159   85   65   62  129   91  190  170  125  125   99   39             49  102  114  114  152   49  216  259  291  205   98                                                                                          
 16.7                                                                                                              242  220  333  297  135   25             51                                                                     4   28   51   38   45   46   61   85   73   98  101   87   79   63  117  177  143  281  245  115   36                  20   80   89   32             39  159  237  161   25             54                                                                           
 13.0                                                                                                                         75   92  151   56         2    4    3    2                                                           2   44   78   51   41   41   54   86   84   75   77  101  100   84  176  298  274   80   69   16                            92   78                       76  141  165   44             25                                                                           
  9.3                                                                                                                                             32  303  411  266  217   76                                                          40   93   70   56   76   97  150  185  127   82   87   87  116  255  353  327  301  208   36                                 77   10                            46   23                                                                                          
  5.6                                                                                                                                            130  512  354  223  259  174   49   18                                                     44   39   33   45   50  127  191  122   72   66   81  148  268  329  251  159   73                                       9   19                       88             24   85   19                                                                           
  1.9                                                                                                                                            420  459  233  183  226  140   79   47    7                                                                         25  129   75   45   52  106  200  287  299  176   59   12                                                                   158            146  194   47                                                                           
 -1.9                                                                                                                                            412  238   59   72   93   52   51   47   36   17   22    6                                                               77   73   53   68  136  198  245  264   57                                                                             151   79       129   65  171            136  131  153  143                                             
 -5.6                                                                                                                                            430  276  119   29   35   41   56   51   53   74   95   59                                                               24   94   87   90  144  191  218  181   25                                                                              23   46   79                                267  421  563  210                                        
 -9.3                                                                                                                                            251  592  452  162   50   58   66   62   75   92  111  101                                                               34  123   94   98  139  188  232  177   28                                                                                        41                                      56  141  110                                        
-13.0                                                                                                                                            162  793  876  515  197   86   77   88  116  116  114   25                                                               46  156   80   69  112  174  208  144   27   11   22                                                                                                   5   19   53   37        16                                             
-16.7                                                                                                                                                 218  666  596  355  140   86   96  116  124  117   23                                                               44  148   75   60  128  207  203  109   14  105   96                                                                                                  41   76   58   38   26   79   37                                        
-20.4                                                                                                                                                      135  472  325  118   82   90  114  169  109    7                                                               39  137   78   66  135  188  115   18       167   97                                                                                        36   57   51   57   60   52   55   84   84   29                                   
-24.1                                                                                                                                                      278  483  335  112   84  132  131  112    2                                                                     1   66   97   77  129  157   52            102   51                                                                                   13   62   57   41   55   70   52   41   51   66   50    6                              
-27.8                                                                                                                                                      382  581  357  108   92  173   50                                                                                   71  128  120  171  180                                                                                                            10   41   43   49   63   68   50   47   41   65  104   29                              
-31.5                                                                                                                                                      368  441  226   64   65   83   15                                                                                   19  142  205  252  111                                                                                                             3   32   55   54   53   52   60   70   51   86  130   34                              
-35.3                                                                                                                                                  24  314  263  111   42   20    1                                                                                              4    7    8    2                                                                                                                 27   15    2    1    1   15   52   73  144   82    1                              
-39.0                                                                                                                                                 102  266  195   76   27                                                                                                                                                                                                                                                                            50  104   49                                   
-42.7                                                                                                                                                  26  180  188   61                                                                                                                                                                                                                                                                                                                    66  131     
-46.4                                                                                                                                                 104  198  120    3                                                                                                                                                                                                                                                                                                                   156    8     
-50.1                                                                                                                                                 100  184   53                                                                                                                                                                                                                                                                                                                                     
-53.8                                                                                                                                                  27  152   81                                                                                                                                                                                                                                                                                                                                     
-57.5                                                                                                                                                        8    6                                                                                                                                                                                                                                                                                                                                     
-61.2                                                                                                                                                                                                                                                                                                                                                                                                                                                                                                   
-64.9                                                                                                                                                                 50   49                                                                                                                                                                                                                                                                                                                           
-68.7                                                                                                                                                       37   50   50   15                                                               11   49   50   50   50   50   50   50   50   50   50   50   50   50   50   50   50   50   50   50   50   50   46   50   50   50   50   50   50   50   50   50   50   50   50   50   50   50   50   50   50   50   50   50   50   50   50   50   50          
-72.4                                                                                 37   50                       19   50   50   50   50   50   50   50   50   50   50   50                                                     50   50   50   50   50   50   50   50   50   50   50   50   50   50   50   50   50   50   50   50   50   50   50   50   50   50   50   50   50   50   50   50   50   50   50   50   50   50   50   50   50   50   50   50   50   50   50   50   50   50   50          
-76.1                                                   50   50   50   50   50   50   50   50   50   50   50   50   50   50   50   50   50   50   50   50   50   50   50   20                                      50   50   50   50   50   50   50   50   50   50   50   50   50   50   50   50   50   50   50   50   50   50   50   50   50   50   50   50   50   50   50   50   50   50   50   50   50   50   50   50   50   50   50   50   50   50   50   50   50   50   50   50   50   50          
-79.8                                         50   50   50   50   50   50   50   50   50   50   50   50   50   50   50   50   50   50   50   50   50   37   45   46   26   26   50   50   50   50   26   25   50   50   50   50   50   50   50   50   50   50   50   50   50   50   50   50   50   50   50   50   50   50   50   50   50   50   50   50   50   50   50   50   50   50   45   39   42   43   32   21   19   20   33   50   50   50   50   50   50   50   50   50   50   27               
-83.5      50   50   50   50                  50   50   50   50   50   50   50   50   50   50   50   50   50   50   50   50   50   50   50   50   50   50   50   50   50   50   50   50   50   50   50   50   50   50   50   50   48   25   15   18   23   37   49   50   49   50   50   50   50   50   50   50   50   50   50   50   50   50   50   50   50   50   50   50   50   50   50   45   41   36   26   17   16   19   26   36   46   50   50   50   50   50   50   50   50   50   50   50   50
-87.2      50   50   50   50   50   50   50   50   50   50   50   50   50   50   50   50   50   50   50   50   50   50   50   50   50   50   50   50   50   50   50   50   50   50   50   50   50   50   50   50   50   50   50   50   38   28   29   27   27   32   37   40   43   47   50   50   50   50   50   50   50   50   50   50   50   50   50   50   50   50   50   50   50   50   49   46   44   41   36   34   34   37   43   49   50   50   50   50   50   50   50   50   50   50   50   50
