SOIT01        96      48        soil texture: %sand*100 + %clay, layer  1 (v.2)

         -178 -174 -171 -167 -163 -159 -156 -152 -148 -144 -141 -137 -133 -129 -126 -122 -118 -114 -111 -107 -103  -99  -96  -92  -88  -84  -81  -77  -73  -69  -66  -62  -58  -54  -51  -47  -43  -39  -36  -32  -28  -24  -21  -17  -13   -9   -6   -2    2    6    9   13   17   21   24   28   32   36   39   43   47   51   54   58   62   66   69   73   77   81   84   88   92   96   99  103  107  111  114  118  122  126  129  133  137  141  144  148  152  156  159  163  167  171  174  178

 88.1                                                                                                                                                                                                                                                                                                                                                                                                                                                                                                   
 84.4                                                                                                                                                                                        5813 5813 5813 5813 5813                                                                                                                                                                                                                                                                                   
 80.6                                                                                                                  5813 5813 5813 5813 5813   -1 5813 5813 5813   -1   -1   -1   -1   -1   -1   -1   -1   -1   -1 5813 5813 5813                                    5813 5813   -1   -1                                                                                             -1                                                                                                              
 76.9                                                                                    5813 8005 8005 8005 5813 8005 5813 5813 5813 5813   -1           5813   -1   -1   -1   -1   -1   -1   -1   -1   -1   -1   -1   -1 5813                                              5813                                                                                                     5813 5813 5813 8005 5813                                    5813                                                  
 73.1                                                                               5813 5813 5813 5813 5813      5813 5813 8005 8005 8005 8005 5813                            -1   -1   -1   -1   -1   -1   -1   -1 5813 5813                                                                                                5813                5813 5813 5813 5813 5813 5813 5813 5813 5813 5813 5813 5813 5813 5813 7109 5813                5813 5813 5813                                        
 69.4    5813                5813 5813 5813 5813 5813 8005 8005 8005 5813 5813 5813 5813 5813 5813 5813 5813 5813 5813 5813 5813 8005 5813 5813 5813 5813 5813                5813 5813   -1   -1   -1   -1   -1 5813 5813                                                   8701 8005 8701 8701 8701 8701                8701   -2   -2 5813 5813 5813 5813 5813 5813 5813 7109 8005 8005 8005 7109 8005 7109 7109 7109 7109 7109 8005 7109 8005 8005 7109 7109 7109 7109 5813 7109 8005 5813 8005 8005
 65.6    5813 5813           3023 3023 3023 3023 3023 3023 1045 1045 7410 1045   -2   -2 2320 2320 5813 5813 5813 5813 5813 5813 5813 5813      5813 5813 5813 5813                5813   -1   -1   -1 5813                4207 8005                                    8701 8701 8701 8701   -2 8701 8701 8505 8505 8505 8505 8505 8505 8005 3023 4708 5813 4708 8505 7109 7109 8005 8005 8005 8005 8005 8005 7109 7109 7109 7109 8005 8005 8005 8005 8005 8005 7109 8005 8005 8005 8005 8005 8005 5813
 61.9                        3023 3023 3023 3023 8005 3023 1045 1045 1045 1045 1045   -2   -2 2320 2320 9301 2320 1939 5813                     8005 8005 5813 5813                       -1   -1                                                             8701 8701 8701 8701 8701 8701 8701 8701 8701  310  310  310 8701  310 8005 4827   -2   -2   -2   -2   -2 3023 2320 8005 8005 7109 7109 7109 7109 7109 7109 7109 7109 7109 7109 8005 8005 8005 8005 8005 8005 8005 8005 8005 8005 8005     
 58.1                             8005 3023                     8005 1045 8005 8005   -2 5413 5413   -2 9301 9301 9301 5413   -2                8005 8005 8005 8005 8005                                                                         -2                8701 8701 1045       470 1322 1322 1322 1322 1322 1322 1322 1322 1322 1322 1322 1322 1322 5317 5317 1322 1322  423 8005  310  310 8005 8005 8005 8005 8005 8005 8005 8005 8005 8005                     8005 8005                    
 54.4                                                                9301 9301 5413 5413 8005 5413 5413 5413 5413   -2   -2 5413 9301   -2      8005 9301 8005 9301 8005 8005                                                              611 1656 1656           9401  611  611 1322 1322 1322 1322 1322  647 2337  647 2337 2337 8005 2337 2337 2337 2337  726 2337  647 8005 8005 8005 8005 8005 8005 8005 8005 8005 8005 8005   -2 8005 8005  310                8005 8005                         
 50.6                                                                          9301 5413 9301 3329 5318 5318 5120 5120   -2 9301 9301   -2  175 9301 9301 9301 9301 9301 9301                                                                       2320  611 2320 2320 2320 2320 5615 1322  611 2337 2337 2337  726  726  726  726  726  726  726  726  726  726  726 8005 8005 8005 8005 8005 8005 8005 8005 8005  726 8005 8005  611 8005 8005 8005                                                  
 46.9                                                                               7516  420 7504 3328  722 3328 5120 5120 1214 9301 9301 9301 9301 9301 9301 9301 5413      9301                                                                   611 2320 2913  611 1640  611 1045 2320  559 2337 2337  647  726 3308 3308 7214 7214 7214 7214 7214  631 4718 8005 8005 4718 8005 7214 8005 8005 8005  631  631  726 8005 2616 8005 8005 8005                                                       
 43.1                                                                               4806 3328  420 5413 7214 3328 3328  332  607  607  607 5413 2320 9301 5904                                                                                 3738 3738 3738 2320 1045 1045 8005 2320 6012  559           8005 8005 8005      6609 6609 4718 4718 2430 8005 8005 8005 8005 8005 3021 3021 4718 4718 4718 7214  631 8005  470 8005 8005 8005      8005 2730                                             
 39.4                                                                               4806 7615 7305  420 5413 3328 3328  420  420  420  607 2320 4806                                                                                      7416 1045 3738                     1045 6012 6012  611 2430 2430 8005 8005 8005      6609 4718 4718 2430 8005 8005 8005 4718 4718 8005 2130 8005 8005 3308 2430  631 8005  470 8005 8005                8005                                                  
 35.6                                                                               7406 7305 7305 3328 7305 6028 3328  420 4806 4806 4806 4806 6506                                                                                           3738 3738 3738 6609 3738                          1045 8005 2430 3021 8005 8005  722 8005 2430 8005 8005 8005 8005 8005 8005 8005 8005 8005 8005 8005 3738 2913 2913  470           1045 1045 2748 2730                                                  
 31.9                                                                                         7305 7305 7305 6028 5318 4806  175 8904 8904 6506                                                                                           3827 1640 8005 8005 4718 4718 6515 6416 6416 6416 6416 3723 8005 7320 3130 2130 8005 2130 8005 3130 8005 8005 5114 8005 8005 8005 8005 8005 8005 8005 8005 8005 8005  670  670  670                                                                           
 28.1                                                                                         4718 4715 3328 8005 7406 2336                7804                                                                                      4718 4718 8005 4718 4718 4718 4718 4718 6416 6416 4718 6416 6416 8005 8207 3130 8207 8406 8005 8005 8005 8005 8207 8207 5114 5114 8005 8005 2748 2748 8005 8005 2748 2748 2748 2748                                                                                
 24.4                                                                                              4718 7406 2729 3038                                                                                                               8005 8005 4718 4718 4718 8005 8005 4718 4718 4718 4718 4718 6416 8005 8005 4718 3130 3130 4718 8005      8005 3130 5114 2555 7016 2139 2056 2748 2748 6426 6426 2748 2748 2748 2748                                                                                
 20.6                                                                                                        7504 7504           1477           3038                                                                            8005 4718 8406 4718 4718 8005 8005 8005 4718 8005 4718 4718 4718 4718 4718 8005 8005 3130 8406 3130 3130                2555 2555 2139 2139 2056 5529 2748 2748 2748 2748 6426                                                                                          
 16.9                                                                                                              607 8907 8907 3436                                                                                           9406 8005 8005 9802 8005 9304 4718 8005 9802 8005 8005 8005 4718 7210 7210 9802 8005 8406 3130 3130                     2555 2555 7016                 670 2748 2748 2748                4711                                                                           
 13.1                                                                                                                            5529 1377                                                                                      1847 8005 8005 7323 9802 9304 9304 9304 9406 9406 8005 8005 9406 3953 2235 2235 8005 8005                                    7016 7016                     2748 6426 2748                7305                                                                           
  9.4                                                                                                                                 1377 1377  607 3539  470 8907 8907                                                             8005 1859 3434 7323 7323 7323 8005 7323 3518 1859 9603 9603 3953 6130 2235 8406 6515 3021                               7016 3737                     2748       670                     2748                                                                      
  5.6                                                                                                                                           1676 7611 7611 1676 1676 1676 1676                                                        7226 1859 3434 7323 1847 1859 5132 6234 5132 5132 6234 3953 3953 7808 8406 6416                                                                  2748 2748                2748                                                                                
  1.9                                                                                                                                           8005 1676 1280 1676 1676 1676 1676 1676                                                                            5132 5132 5132 7226 5132 5132 5132 8005 4718 8406                                                                       3047 6426      2748 2748 2748                                                                                
 -1.9                                                                                                                                      3827 1280 1280 1280 1280 3041 1280 1280 1280 1280 1280                                                                  6526 6526 7226 7226 7226 1847 5132 1477 7323                                                                                 2748       961 2748 1721 3047            961 7416 5529                                                  
 -5.6                                                                                                                                      7410 1280 1280 1280 1280 1280 1280 1676 1676 1280 8709 5638 5638                                                             5132 8712 7226 7226 2459 1859 1859 1859                                                                                      2748                                      -2 6426 5529                                             
 -9.4                                                                                                                                           8005 1280 1280 1280 1280 1676 1676 7611 1373 1676 5638 5638                                                             7323 8712 8712 5132 5132 5132 1477 8016                                                                                                                                   6109      7416                                        
-13.1                                                                                                                                           8005 8005 8907 7611 8907 1373 8907 7611 1373 9106 5638                                                                  7323 8712 8712 7226 5132 5132 7323 7323                                                                                                                    3737 8005           3737                                             
-16.9                                                                                                                                                8005 8005 8005 9106 5514 8709 1676 1373 1676 1280                                                                  8005 9406 3740 9406 8005 7323 5132 7323      5132                                                                                                     8005 8005 2657 8005 9202 3737                                             
-20.6                                                                                                                                                     7615 8005 4715 5514 8709 9106 9106 1676                                                                       8005 1243 9406 9406 6617 7323 3518      9406 5132                                                                                           4620 8214 9603 8214 8214 2657 2657 2657 1369                                        
-24.4                                                                                                                                                     7615 7305 7210 5514 2856 8907 8907                                                                                 6515 9406 9406 9406 9406                1477                                                                                      4620 7615 8214 8214 8214 8214 9603 2657 2657 2657 7414                                   
-28.1                                                                                                                                                     8005 7210 4715 4023  961  961                                                                                      6515 9406 9406 3953 5638                                                                                                          7320 7615 8214 8214 8214 7320 8907 2657 7320 7320 7414                                   
-31.9                                                                                                                                                     7615 7210 2527 3038 2527                                                                                                6515 6515 5638                                                                                                                    7414 8710 8710 8710 9603 8710 8710 8710 7320 9103                                   
-35.6                                                                                                                                                8005 8005 7410 3824 5311                                                                                                                                                                                                                                                                8509 8710 4620 1369                                        
-39.4                                                                                                                                                 817 7410 6515 4715                                                                                                                                                                                                                                                                               7414                                    3128     
-43.1                                                                                                                                                8005 7305 7305                                                                                                                                                                                                                                                                                         1270                          3128          
-46.9                                                                                                                                                8005 7305                                                                                                                                                                                                                                                                                                                                          
-50.6                                                                                                                                                8005 3328                                                                                                                                                                                                                                                                                                                                          
-54.4                                                                                                                                                8005 2527                                                                                                                                                                                                                                                                                                                                          
-58.1                                                                                                                                                                                                                                                                                                                                                                                                                                                                                                   
-61.9                                                                                                                                                                                                                                                                                                                                                                                                                                                                                                   
-65.6                                                                                                                                                            -1   -1                                                                                                                                                         -1                                                     -1   -1   -1        -1   -1                       -1                                                            
-69.4                                                                                                                                                  -1   -1   -1   -1                                                                              -1                  -1   -1             -1   -1   -1   -1   -1   -1   -1   -1   -1   -1   -1   -1   -1   -1   -1   -1   -1   -1   -1   -1   -1   -1   -1   -1   -1   -1   -1   -1   -1   -1   -1   -1   -1   -1   -1   -1                         
-73.1                                                                            -1   -1                       -1   -1   -1   -1   -1   -1   -1   -1   -1   -1   -1   -1                                                     -1   -1   -1   -1   -1   -1   -1   -1   -1   -1   -1   -1   -1   -1   -1   -1   -1   -1   -1   -1   -1   -1   -1   -1   -1   -1   -1   -1   -1   -1   -1   -1   -1   -1   -1   -1   -1   -1   -1   -1   -1   -1   -1   -1   -1   -1   -1   -1   -1   -1   -1               
-76.9                                    -1   -1   -1   -1   -1   -1   -1   -1   -1   -1   -1   -1   -1   -1   -1   -1   -1   -1   -1   -1   -1   -1   -1   -1   -1   -1   -1   -1   -1                       -1   -1   -1   -1   -1   -1   -1   -1   -1   -1   -1   -1   -1   -1   -1   -1   -1   -1   -1   -1   -1   -1   -1   -1   -1   -1   -1   -1   -1   -1   -1   -1   -1   -1   -1   -1   -1   -1   -1   -1   -1   -1   -1   -1   -1   -1   -1   -1   -1   -1   -1   -1   -1                    
-80.6      -1   -1   -1   -1   -1   -1   -1   -1   -1   -1   -1   -1   -1   -1   -1   -1   -1   -1   -1   -1   -1   -1   -1   -1   -1   -1   -1   -1   -1   -1   -1   -1   -1   -1   -1   -1   -1   -1   -1   -1   -1   -1   -1   -1   -1   -1   -1   -1   -1   -1   -1   -1   -1   -1   -1   -1   -1   -1   -1   -1   -1   -1   -1   -1   -1   -1   -1   -1   -1   -1   -1   -1   -1   -1   -1   -1   -1   -1   -1   -1   -1   -1   -1   -1   -1   -1   -1   -1   -1   -1   -1   -1   -1   -1   -1   -1
-84.4      -1   -1   -1   -1   -1   -1   -1   -1   -1   -1   -1   -1   -1   -1   -1   -1   -1   -1   -1   -1   -1   -1   -1   -1   -1   -1   -1   -1   -1   -1   -1   -1   -1   -1   -1   -1   -1   -1   -1   -1   -1   -1   -1   -1   -1   -1   -1   -1   -1   -1   -1   -1   -1   -1   -1   -1   -1   -1   -1   -1   -1   -1   -1   -1   -1   -1   -1   -1   -1   -1   -1   -1   -1   -1   -1   -1   -1   -1   -1   -1   -1   -1   -1   -1   -1   -1   -1   -1   -1   -1   -1   -1   -1   -1   -1   -1
-88.1      -1   -1   -1   -1   -1   -1   -1   -1   -1   -1   -1   -1   -1   -1   -1   -1   -1   -1   -1   -1   -1   -1   -1   -1   -1   -1   -1   -1   -1   -1   -1   -1   -1   -1   -1   -1   -1   -1   -1   -1   -1   -1   -1   -1   -1   -1   -1   -1   -1   -1   -1   -1   -1   -1   -1   -1   -1   -1   -1   -1   -1   -1   -1   -1   -1   -1   -1   -1   -1   -1   -1   -1   -1   -1   -1   -1   -1   -1   -1   -1   -1   -1   -1   -1   -1   -1   -1   -1   -1   -1   -1   -1   -1   -1   -1   -1
