SOIT02        96      48        soil texture: %sand*100 + %clay, layer  2 (v.2)

         -178 -174 -171 -167 -163 -159 -156 -152 -148 -144 -141 -137 -133 -129 -126 -122 -118 -114 -111 -107 -103  -99  -96  -92  -88  -84  -81  -77  -73  -69  -66  -62  -58  -54  -51  -47  -43  -39  -36  -32  -28  -24  -21  -17  -13   -9   -6   -2    2    6    9   13   17   21   24   28   32   36   39   43   47   51   54   58   62   66   69   73   77   81   84   88   92   96   99  103  107  111  114  118  122  126  129  133  137  141  144  148  152  156  159  163  167  171  174  178

 88.1                                                                                                                                                                                                                                                                                                                                                                                                                                                                                                   
 84.4                                                                                                                                                                                        5912 5912 5912 5912 5912                                                                                                                                                                                                                                                                                   
 80.6                                                                                                                  5912 5912 5912 5912 5912   -1 5912 5912 5912   -1   -1   -1   -1   -1   -1   -1   -1   -1   -1 5912 5912 5912                                    5912 5912   -1   -1                                                                                             -1                                                                                                              
 76.9                                                                                    5912 8005 8005 8005 5912 8005 5912 5912 5912 5912   -1           5912   -1   -1   -1   -1   -1   -1   -1   -1   -1   -1   -1   -1 5912                                              5912                                                                                                     5912 5912 5912 8005 5912                                    5912                                                  
 73.1                                                                               5912 5912 5912 5912 5912      5912 5912 8005 8005 8005 8005 5912                            -1   -1   -1   -1   -1   -1   -1   -1 5912 5912                                                                                                5912                5912 5912 5912 5912 5912 5912 5912 5912 5912 5912 5912 5912 5912 5912 5511 5912                5912 5912 5912                                        
 69.4    5912                5912 5912 5912 5912 5912 8005 8005 8005 5912 5912 5912 5912 5912 5912 5912 5912 5912 5912 5912 5912 8005 5912 5912 5912 5912 5912                5912 5912   -1   -1   -1   -1   -1 5912 5912                                                   8601 8005 8601 8601 8601 8601                8601   -2   -2 5912 5912 5912 5912 5912 5912 5912 5511 8005 8005 8005 5511 8005 5511 5511 5511 5511 5511 8005 5511 8005 8005 5511 5511 5511 5511 5912 5511 8005 5912 8005 8005
 65.6    5912 5912           3223 3223 3223 3223 3223 3223  847  847 7410  847   -2   -2 2121 2121 5912 5912 5912 5912 5912 5912 5912 5912      5912 5912 5912 5912                5912   -1   -1   -1 5912                3808 8005                                    8601 8601 8601 8601   -2 8601 8601 8405 8405 8405 8405 8405 8405 8005 3223 4708 5912 4708 8405 5511 5511 8005 8005 8005 8005 8005 8005 5511 5511 5511 5511 8005 8005 8005 8005 8005 8005 5511 8005 8005 8005 8005 8005 8005 5912
 61.9                        3223 3223 3223 3223 8005 3223  847  847  847  847  847   -2   -2 2121 2121 9501 2121 1939 5912                     8005 8005 5912 5912                       -1   -1                                                             8601 8601 8601 8601 8601 8601 8601 8601 8601  309  309  309 8601  309 8005 4827   -2   -2   -2   -2   -2 3223 2121 8005 8005 5511 5511 5511 5511 5511 5511 5511 5511 5511 5511 8005 8005 8005 8005 8005 8005 8005 8005 8005 8005 8005     
 58.1                             8005 3223                     8005  847 8005 8005   -2 5313 5313   -2 9501 9501 9501 5313   -2                8005 8005 8005 8005 8005                                                                         -2                8601 8601  847       471 1217 1217 1217 1217 1217 1217 1217 1217 1217 1217 1217 1217 1217 5317 5317 1217 1217  423 8005  309  309 8005 8005 8005 8005 8005 8005 8005 8005 8005 8005                     8005 8005                    
 54.4                                                                9501 9501 5313 5313 8005 5313 5313 5313 5313   -2   -2 5313 9501   -2      8005 9501 8005 9501 8005 8005                                                              611 1656 1656           9401  611  611 1217 1217 1217 1217 1217  647 2337  647 2337 2337 8005 2337 2337 2337 2337  726 2337  647 8005 8005 8005 8005 8005 8005 8005 8005 8005 8005 8005   -2 8005 8005  309                8005 8005                         
 50.6                                                                          9501 5313 9501 3329 5421 5421 5120 5120   -2 9501 9501   -2  175 9501 9501 9501 9501 9501 9501                                                                       2121  611 2121 2121 2121 2121 4714 1217  511 2337 2337 2337  726  726  726  726  726  726  726  726  726  726  726 8005 8005 8005 8005 8005 8005 8005 8005 8005  726 8005 8005  511 8005 8005 8005                                                  
 46.9                                                                               7516  420 7404 3328  722 3328 5120 5120 1214 9501 9501 9501 9501 9501 9501 9501 5313      9501                                                                   611 2121 3316  611 1640  511  847 2121  559 2337 2337  647  726 3109 3109 6221 6221 6221 6221 6221  631 4718 8005 8005 4718 8005 6221 8005 8005 8005  631  631  726 8005 2616 8005 8005 8005                                                       
 43.1                                                                               4906 3328  420 5313 6221 3328 3328  332  214  214  214 5313 2121 9501 5505                                                                                 3738 3738 3738 2121  847  847 8005 2121 6012  559           8005 8005 8005      6013 6013 4718 4718 2136 8005 8005 8005 8005 8005 3219 3219 4718 4718 4718 6221  631 8005  471 8005 8005 8005      8005 2527                                             
 39.4                                                                               4906 7321 6221  420 5313 3328 3328  420  420  420  214 2121 4906                                                                                      7516  847 3738                      847 6012 6012  611 2136 2136 8005 8005 8005      6013 4718 4718 2136 8005 8005 8005 4718 4718 8005 1730 8005 8005 3109 2136  631 8005  471 8005 8005                8005                                                  
 35.6                                                                               7506 6221 6221 3328 6221 6028 3328  420 4906 4906 4906 4906 6109                                                                                           3738 3738 3738 6013 3738                           847 8005 2136 3219 8005 8005  722 8005 2136 8005 8005 8005 8005 8005 8005 8005 8005 8005 8005 8005 3738 3316 3316  471            847  847 2948 2527                                                  
 31.9                                                                                         6221 6221 6221 6028 5421 4906  175 8904 8904 6109                                                                                           3228 1640 8005 8005 4718 4718 6515 6019 6019 6019 6019 3723 8005 7123 3130 1730 8005 1730 8005 3130 8005 8005 4915 8005 8005 8005 8005 8005 8005 8005 8005 8005 8005  670  670  670                                                                           
 28.1                                                                                         4718 4313 3328 8005 7506 2336                8302                                                                                      4718 4718 8005 4718 4718 4718 4718 4718 6019 6019 4718 6019 6019 8005 8207 3130 8207 8606 8005 8005 8005 8005 8207 8207 4915 4915 8005 8005 2948 2948 8005 8005 2948 2948 2948 2948                                                                                
 24.4                                                                                              4718 7506 2729 3038                                                                                                               8005 8005 4718 4718 4718 8005 8005 4718 4718 4718 4718 4718 6019 8005 8005 4718 3130 3130 4718 8005      8005 3130 4915 2355 6720 1850 1366 2948 2948 6227 6227 2948 2948 2948 2948                                                                                
 20.6                                                                                                        7404 7404           1477           3038                                                                            8005 4718 8606 4718 4718 8005 8005 8005 4718 8005 4718 4718 4718 4718 4718 8005 8005 3130 8606 3130 3130                2355 2355 1850 1850 1366 5429 2948 2948 2948 2948 6227                                                                                          
 16.9                                                                                                              214 8709 8709 3232                                                                                           9406 8005 8005 9702 8005 9304 4718 8005 9702 8005 8005 8005 4718 7310 7310 9702 8005 8606 3130 3130                     2355 2355 6720                 670 2948 2948 2948                4022                                                                           
 13.1                                                                                                                            5429 1377                                                                                      1651 8005 8005 7224 9702 9304 9304 9304 9406 9406 8005 8005 9406 3954 2633 2633 8005 8005                                    6720 6720                     2948 6227 2948                7206                                                                           
  9.4                                                                                                                                 1377 1377  214 3538  471 8709 8709                                                             8005 1859 3434 7224 7224 7224 8005 7224 4215 1859 9603 9603 3954 6328 2633 8606 6515 3219                               6720 3540                     2948       670                     2948                                                                      
  5.6                                                                                                                                           1676 6323 6323 1676 1676 1676 1676                                                        7226 1859 3434 7224 1651 1859 5132 6135 5132 5132 6135 3954 3954 7811 8606 6019                                                                  2948 2948                2948                                                                                
  1.9                                                                                                                                           8005 1676 1083 1676 1676 1676 1676 1676                                                                            5132 5132 5132 7226 5132 5132 5132 8005 4718 8606                                                                       3047 6227      2948 2948 2948                                                                                
 -1.9                                                                                                                                      3228 1083 1083 1083 1083 3041 1083 1083 1083 1083 1083                                                                  6526 6526 7226 7226 7226 1651 5132 1477 7224                                                                                 2948       962 2948 1721 3047            962 7516 5429                                                  
 -5.6                                                                                                                                      7410 1083 1083 1083 1083 1083 1083 1676 1676 1083 8709 5638 5638                                                             5132 8711 7226 7226 2459 1859 1859 1859                                                                                      2948                                      -2 6227 5429                                             
 -9.4                                                                                                                                           8005 1083 1083 1083 1083 1676 1676 6323 1373 1676 5638 5638                                                             7224 8711 8711 5132 5132 5132 1477 8016                                                                                                                                   6110      7516                                        
-13.1                                                                                                                                           8005 8005 8709 6323 8709 1373 8709 6323 1373 9106 5638                                                                  7224 8711 8711 7226 5132 5132 7224 7224                                                                                                                    3540 8005           3540                                             
-16.9                                                                                                                                                8005 8005 8005 9106 5514 8709 1676 1373 1676 1083                                                                  8005 9406 3740 9406 8005 7224 5132 7224      5132                                                                                                     8005 8005 2261 8005 9202 3540                                             
-20.6                                                                                                                                                     7321 8005 4313 5514 8709 9106 9106 1676                                                                       8005 1343 9406 9406 6223 7224 4215      9406 5132                                                                                           4620 8213 9603 8213 8213 2261 2261 2261 1471                                        
-24.4                                                                                                                                                     7321 6221 7310 5514 2856 8709 8709                                                                                 6515 9406 9406 9406 9406                1477                                                                                      4620 7321 8213 8213 8213 8213 9603 2261 2261 2261 7414                                   
-28.1                                                                                                                                                     8005 7310 4313 4124  962  962                                                                                      6515 9406 9406 3954 5638                                                                                                          7123 7321 8213 8213 8213 7123 8313 2261 7123 7123 7414                                   
-31.9                                                                                                                                                     7321 7310 2528 3038 2528                                                                                                6515 6515 5638                                                                                                                    7414 8710 8710 8710 9603 8710 8710 8710 7123 9103                                   
-35.6                                                                                                                                                8005 8005 7410 3824 5311                                                                                                                                                                                                                                                                8410 8710 4620 1471                                        
-39.4                                                                                                                                                 817 7410 6515 4313                                                                                                                                                                                                                                                                               7414                                    3128     
-43.1                                                                                                                                                8005 6221 6221                                                                                                                                                                                                                                                                                         1269                          3128          
-46.9                                                                                                                                                8005 6221                                                                                                                                                                                                                                                                                                                                          
-50.6                                                                                                                                                8005 3328                                                                                                                                                                                                                                                                                                                                          
-54.4                                                                                                                                                8005 2528                                                                                                                                                                                                                                                                                                                                          
-58.1                                                                                                                                                                                                                                                                                                                                                                                                                                                                                                   
-61.9                                                                                                                                                                                                                                                                                                                                                                                                                                                                                                   
-65.6                                                                                                                                                            -1   -1                                                                                                                                                         -1                                                     -1   -1   -1        -1   -1                       -1                                                            
-69.4                                                                                                                                                  -1   -1   -1   -1                                                                              -1                  -1   -1             -1   -1   -1   -1   -1   -1   -1   -1   -1   -1   -1   -1   -1   -1   -1   -1   -1   -1   -1   -1   -1   -1   -1   -1   -1   -1   -1   -1   -1   -1   -1   -1   -1   -1   -1   -1                         
-73.1                                                                            -1   -1                       -1   -1   -1   -1   -1   -1   -1   -1   -1   -1   -1   -1                                                     -1   -1   -1   -1   -1   -1   -1   -1   -1   -1   -1   -1   -1   -1   -1   -1   -1   -1   -1   -1   -1   -1   -1   -1   -1   -1   -1   -1   -1   -1   -1   -1   -1   -1   -1   -1   -1   -1   -1   -1   -1   -1   -1   -1   -1   -1   -1   -1   -1   -1   -1               
-76.9                                    -1   -1   -1   -1   -1   -1   -1   -1   -1   -1   -1   -1   -1   -1   -1   -1   -1   -1   -1   -1   -1   -1   -1   -1   -1   -1   -1   -1   -1                       -1   -1   -1   -1   -1   -1   -1   -1   -1   -1   -1   -1   -1   -1   -1   -1   -1   -1   -1   -1   -1   -1   -1   -1   -1   -1   -1   -1   -1   -1   -1   -1   -1   -1   -1   -1   -1   -1   -1   -1   -1   -1   -1   -1   -1   -1   -1   -1   -1   -1   -1   -1   -1                    
-80.6      -1   -1   -1   -1   -1   -1   -1   -1   -1   -1   -1   -1   -1   -1   -1   -1   -1   -1   -1   -1   -1   -1   -1   -1   -1   -1   -1   -1   -1   -1   -1   -1   -1   -1   -1   -1   -1   -1   -1   -1   -1   -1   -1   -1   -1   -1   -1   -1   -1   -1   -1   -1   -1   -1   -1   -1   -1   -1   -1   -1   -1   -1   -1   -1   -1   -1   -1   -1   -1   -1   -1   -1   -1   -1   -1   -1   -1   -1   -1   -1   -1   -1   -1   -1   -1   -1   -1   -1   -1   -1   -1   -1   -1   -1   -1   -1
-84.4      -1   -1   -1   -1   -1   -1   -1   -1   -1   -1   -1   -1   -1   -1   -1   -1   -1   -1   -1   -1   -1   -1   -1   -1   -1   -1   -1   -1   -1   -1   -1   -1   -1   -1   -1   -1   -1   -1   -1   -1   -1   -1   -1   -1   -1   -1   -1   -1   -1   -1   -1   -1   -1   -1   -1   -1   -1   -1   -1   -1   -1   -1   -1   -1   -1   -1   -1   -1   -1   -1   -1   -1   -1   -1   -1   -1   -1   -1   -1   -1   -1   -1   -1   -1   -1   -1   -1   -1   -1   -1   -1   -1   -1   -1   -1   -1
-88.1      -1   -1   -1   -1   -1   -1   -1   -1   -1   -1   -1   -1   -1   -1   -1   -1   -1   -1   -1   -1   -1   -1   -1   -1   -1   -1   -1   -1   -1   -1   -1   -1   -1   -1   -1   -1   -1   -1   -1   -1   -1   -1   -1   -1   -1   -1   -1   -1   -1   -1   -1   -1   -1   -1   -1   -1   -1   -1   -1   -1   -1   -1   -1   -1   -1   -1   -1   -1   -1   -1   -1   -1   -1   -1   -1   -1   -1   -1   -1   -1   -1   -1   -1   -1   -1   -1   -1   -1   -1   -1   -1   -1   -1   -1   -1   -1
