SOIT06        96      48        soil texture: %sand*100 + %clay, layer  6 (v.2)

         -178 -174 -171 -167 -163 -159 -156 -152 -148 -144 -141 -137 -133 -129 -126 -122 -118 -114 -111 -107 -103  -99  -96  -92  -88  -84  -81  -77  -73  -69  -66  -62  -58  -54  -51  -47  -43  -39  -36  -32  -28  -24  -21  -17  -13   -9   -6   -2    2    6    9   13   17   21   24   28   32   36   39   43   47   51   54   58   62   66   69   73   77   81   84   88   92   96   99  103  107  111  114  118  122  126  129  133  137  141  144  148  152  156  159  163  167  171  174  178

 88.1                                                                                                                                                                                                                                                                                                                                                                                                                                                                                                   
 84.4                                                                                                                                                                                        7411 7411 7411 7411 7411                                                                                                                                                                                                                                                                                   
 80.6                                                                                                                  7411 7411 7411 7411 7411   -1 7411 7411 7411   -1   -1   -1   -1   -1   -1   -1   -1   -1   -1 7411 7411 7411                                    7411 7411   -1   -1                                                                                             -1                                                                                                              
 76.9                                                                                    7411 8005 8005 8005 7411 8005 7411 7411 7411 7411   -1           7411   -1   -1   -1   -1   -1   -1   -1   -1   -1   -1   -1   -1 7411                                              7411                                                                                                     7411 7411 7411 8005 7411                                    7411                                                  
 73.1                                                                               7411 7411 7411 7411 7411      7411 7411 8005 8005 8005 8005 7411                            -1   -1   -1   -1   -1   -1   -1   -1 7411 7411                                                                                                7411                7411 7411 7411 7411 7411 7411 7411 7411 7411 7411 7411 7411 7411 7411 5013 7411                7411 7411 7411                                        
 69.4    7411                7411 7411 7411 7411 7411 8005 8005 8005 7411 7411 7411 7411 7411 7411 7411 7411 7411 7411 7411 7411 8005 7411 7411 7411 7411 7411                7411 7411   -1   -1   -1   -1   -1 7411 7411                                                   8004 8005 8004 8004 8004 8004                8004   -2   -2 7411 7411 7411 7411 7411 7411 7411 5013 8005 8005 8005 5013 8005 5013 5013 5013 5013 5013 8005 5013 8005 8005 5013 5013 5013 5013 7411 5013 8005 7411 8005 8005
 65.6    7411 7411           4911 4911 4911 4911 4911 4911  845  845 8305  845   -2   -2 4308 4308 7411 7411 7411 7411 7411 7411 7411 7411      7411 7411 7411 7411                7411   -1   -1   -1 7411                4507 8005                                    8004 8004 8004 8004   -2 8004 8004 9801 9801 9801 9801 9801 9801 8005 4911 4531 7411 4531 9801 5013 5013 8005 8005 8005 8005 8005 8005 5013 5013 5013 5013 8005 8005 8005 8005 8005 8005 5013 8005 8005 8005 8005 8005 8005 7411
 61.9                        4911 4911 4911 4911 8005 4911  845  845  845  845  845   -2   -2 4308 4308 9901 4308 2833 7411                     8005 8005 7411 7411                       -1   -1                                                             8004 8004 8004 8004 8004 8004 8004 8004 8004  318  318  318 8004  318 8005 4528   -2   -2   -2   -2   -2 4911 4308 8005 8005 5013 5013 5013 5013 5013 5013 5013 5013 5013 5013 8005 8005 8005 8005 8005 8005 8005 8005 8005 8005 8005     
 58.1                             8005 4911                     8005  845 8005 8005   -2 4629 4629   -2 9901 9901 9901 4629   -2                8005 8005 8005 8005 8005                                                                         -2                8004 8004  845       474 2641 2641 2641 2641 2641 2641 2641 2641 2641 2641 2641 2641 2641 5213 5213 2641 2641  434 8005  318  318 8005 8005 8005 8005 8005 8005 8005 8005 8005 8005                     8005 8005                    
 54.4                                                                9901 9901 4629 4629 8005 4629 4629 4629 4629   -2   -2 4629 9901   -2      8005 9901 8005 9901 8005 8005                                                              314  272  272           9301  314  314 2641 2641 2641 2641 2641  357 3037  357 3037 3037 8005 3037 3037 3037 3037 2444 3037  357 8005 8005 8005 8005 8005 8005 8005 8005 8005 8005 8005   -2 8005 8005  318                8005 8005                         
 50.6                                                                          9901 4629 9901 4326 5920 5920 5017 5017   -2 9901 9901   -2  170 9901 9901 9901 9901 9901 9901                                                                       4308  314 4308 4308 4308 4308 4910 2641 3024 3037 3037 3037 2444 2444 2444 2444 2444 2444 2444 2444 2444 2444 2444 8005 8005 8005 8005 8005 8005 8005 8005 8005 2444 8005 8005 3024 8005 8005 8005                                                  
 46.9                                                                               5923  112 7505 2225  717 2225 5017 5017 5118 9901 9901 9901 9901 9901 9901 9901 4629      9901                                                                   314 4308 5314  314 1835 3024  845 4308 1436 3037 3037  357 2444 2712 2712 4135 4135 4135 4135 4135  141 1228 8005 8005 1228 8005 4135 8005 8005 8005  141  141 2444 8005 5319 8005 8005 8005                                                       
 43.1                                                                               6218 2225  112 4629 4135 2225 2225 2025  220  220  220 4629 4308 9901 5603                                                                                 3141 3141 3141 4308  845  845 8005 4308 3426 1436           8005 8005 8005      6126 6126 1228 1228  749 8005 8005 8005 8005 8005 4722 4722 1228 1228 1228 4135  141 8005  474 8005 8005 8005      8005 1329                                             
 39.4                                                                               6218 8108 7517  112 4629 2225 2225  112  112  112  220 4308 6218                                                                                      9604  845 3141                      845 3426 3426  314  749  749 8005 8005 8005      6126 1228 1228  749 8005 8005 8005 1228 1228 8005  331 8005 8005 2712  749  141 8005  474 8005 8005                8005                                                  
 35.6                                                                               6119 7517 7517 2225 7517 5423 2225  112 6218 6218 6218 6218 2850                                                                                           3141 3141 3141 6126 3141                           845 8005  749 4722 8005 8005  717 8005  749 8005 8005 8005 8005 8005 8005 8005 8005 8005 8005 8005 3141 5314 5314  474            845  845 3648 1329                                                  
 31.9                                                                                         7517 7517 7517 5423 5920 6218  170 4535 4535 2850                                                                                           2920 1835 8005 8005 1228 1228 4823 4721 4721 4721 4721 7510 8005 5141 3133  331 8005  331 8005 3133 8005 8005 9405 8005 8005 8005 8005 8005 8005 8005 8005 8005 8005  672  672  672                                                                           
 28.1                                                                                         1228 8107 2225 8005 6119 1750                9901                                                                                      1228 1228 8005 1228 1228 1228 1228 1228 4721 4721 1228 4721 4721 8005 9108 3133 9108 9604 8005 8005 8005 8005 9108 9108 9405 9405 8005 8005 3648 3648 8005 8005 3648 3648 3648 3648                                                                                
 24.4                                                                                              1228 6119 5127 4430                                                                                                               8005 8005 1228 1228 1228 8005 8005 1228 1228 1228 1228 1228 4721 8005 8005 1228 3133 3133 1228 8005      8005 3133 9405 3343 5037 3253 4537 3648 3648 6826 6826 3648 3648 3648 3648                                                                                
 20.6                                                                                                        7505 7505           6513           4430                                                                            8005 1228 9604 1228 1228 8005 8005 8005 1228 8005 1228 1228 1228 1228 1228 8005 8005 3133 9604 3133 3133                3343 3343 3253 3253 4537 5031 3648 3648 3648 3648 6826                                                                                          
 16.9                                                                                                              220 6824 6824 2530                                                                                           9007 8005 8005 9603 8005 8316 1228 8005 9603 8005 8005 8005 1228 7314 7314 9603 8005 9604 3133 3133                     3343 3343 5037                 672 3648 3648 3648                3932                                                                           
 13.1                                                                                                                            5031  692                                                                                       290 8005 8005 4351 9603 8316 8316 8316 9007 9007 8005 8005 9007 2762 2041 2041 8005 8005                                    5037 5037                     3648 6826 3648                4919                                                                           
  9.4                                                                                                                                  692  692  220 3740  474 6824 6824                                                             8005 1736 2643 4351 4351 4351 8005 4351 6008 1736 9504 9504 2762 7323 2041 9604 4823 4722                               5037 1367                     3648       672                     3648                                                                      
  5.6                                                                                                                                           1275 3847 3847 1275 1275 1275 1275                                                        6038 1736 2643 4351  290 1736 4038 2854 4038 4038 2854 2762 2762 2955 9604 4721                                                                  3648 3648                3648                                                                                
  1.9                                                                                                                                           8005 1275 1175 1275 1275 1275 1275 1275                                                                            4038 4038 4038 6038 4038 4038 4038 8005 1228 9604                                                                       2444 6826      3648 3648 3648                                                                                
 -1.9                                                                                                                                      2920 1175 1175 1175 1175 3166 1175 1175 1175 1175 1175                                                                  6023 6023 6038 6038 6038  290 4038 6513 4351                                                                                 3648      3155 3648 1532 2444           3155 9604 5031                                                  
 -5.6                                                                                                                                      8305 1175 1175 1175 1175 1175 1175 1275 1275 1175 8216 4139 4139                                                             4038 8118 6038 6038 2460 1736 1736 1736                                                                                      3648                                      -2 6826 5031                                             
 -9.4                                                                                                                                           8005 1175 1175 1175 1175 1275 1275 3847  471 1275 4139 4139                                                             4351 8118 8118 4038 4038 4038 6513 5344                                                                                                                                   4235      9604                                        
-13.1                                                                                                                                           8005 8005 6824 3847 6824  471 6824 3847  471 8018 4139                                                                  4351 8118 8118 6038 4038 4038 4351 4351                                                                                                                    1367 8005           1367                                             
-16.9                                                                                                                                                8005 8005 8005 8018 4432 8216 1275  471 1275 1175                                                                  8005 9007 9801 9007 8005 4351 4038 4351      4038                                                                                                     8005 8005 1367 8005 4048 1367                                             
-20.6                                                                                                                                                     8108 8005 8107 4432 8216 8018 8018 1275                                                                       8005  462 9007 9007 6120 4351 6008      9007 4038                                                                                           2539 7813 9504 7813 7813 1367 1367 1367  493                                        
-24.4                                                                                                                                                     8108 7517 7314 4432 4435 6824 6824                                                                                 4823 9007 9007 9007 9007                6513                                                                                      2539 8108 7813 7813 7813 7813 9504 1367 1367 1367 1472                                   
-28.1                                                                                                                                                     8005 7314 8107 3137 3155 3155                                                                                      4823 9007 9007 2762 4139                                                                                                          5141 8108 7813 7813 7813 5141 5743 1367 5141 5141 1472                                   
-31.9                                                                                                                                                     8108 7314 4323 4430 4323                                                                                                4823 4823 4139                                                                                                                    1472 6921 6921 6921 9504 6921 6921 6921 5141 5042                                   
-35.6                                                                                                                                                8005 8005 8305 5710 5804                                                                                                                                                                                                                                                                1780 6921 2539  493                                        
-39.4                                                                                                                                                1821 8305 4823 8107                                                                                                                                                                                                                                                                               1472                                    3722     
-43.1                                                                                                                                                8005 7517 7517                                                                                                                                                                                                                                                                                         2045                          3722          
-46.9                                                                                                                                                8005 7517                                                                                                                                                                                                                                                                                                                                          
-50.6                                                                                                                                                8005 2225                                                                                                                                                                                                                                                                                                                                          
-54.4                                                                                                                                                8005 4323                                                                                                                                                                                                                                                                                                                                          
-58.1                                                                                                                                                                                                                                                                                                                                                                                                                                                                                                   
-61.9                                                                                                                                                                                                                                                                                                                                                                                                                                                                                                   
-65.6                                                                                                                                                            -1   -1                                                                                                                                                         -1                                                     -1   -1   -1        -1   -1                       -1                                                            
-69.4                                                                                                                                                  -1   -1   -1   -1                                                                              -1                  -1   -1             -1   -1   -1   -1   -1   -1   -1   -1   -1   -1   -1   -1   -1   -1   -1   -1   -1   -1   -1   -1   -1   -1   -1   -1   -1   -1   -1   -1   -1   -1   -1   -1   -1   -1   -1   -1                         
-73.1                                                                            -1   -1                       -1   -1   -1   -1   -1   -1   -1   -1   -1   -1   -1   -1                                                     -1   -1   -1   -1   -1   -1   -1   -1   -1   -1   -1   -1   -1   -1   -1   -1   -1   -1   -1   -1   -1   -1   -1   -1   -1   -1   -1   -1   -1   -1   -1   -1   -1   -1   -1   -1   -1   -1   -1   -1   -1   -1   -1   -1   -1   -1   -1   -1   -1   -1   -1               
-76.9                                    -1   -1   -1   -1   -1   -1   -1   -1   -1   -1   -1   -1   -1   -1   -1   -1   -1   -1   -1   -1   -1   -1   -1   -1   -1   -1   -1   -1   -1                       -1   -1   -1   -1   -1   -1   -1   -1   -1   -1   -1   -1   -1   -1   -1   -1   -1   -1   -1   -1   -1   -1   -1   -1   -1   -1   -1   -1   -1   -1   -1   -1   -1   -1   -1   -1   -1   -1   -1   -1   -1   -1   -1   -1   -1   -1   -1   -1   -1   -1   -1   -1   -1                    
-80.6      -1   -1   -1   -1   -1   -1   -1   -1   -1   -1   -1   -1   -1   -1   -1   -1   -1   -1   -1   -1   -1   -1   -1   -1   -1   -1   -1   -1   -1   -1   -1   -1   -1   -1   -1   -1   -1   -1   -1   -1   -1   -1   -1   -1   -1   -1   -1   -1   -1   -1   -1   -1   -1   -1   -1   -1   -1   -1   -1   -1   -1   -1   -1   -1   -1   -1   -1   -1   -1   -1   -1   -1   -1   -1   -1   -1   -1   -1   -1   -1   -1   -1   -1   -1   -1   -1   -1   -1   -1   -1   -1   -1   -1   -1   -1   -1
-84.4      -1   -1   -1   -1   -1   -1   -1   -1   -1   -1   -1   -1   -1   -1   -1   -1   -1   -1   -1   -1   -1   -1   -1   -1   -1   -1   -1   -1   -1   -1   -1   -1   -1   -1   -1   -1   -1   -1   -1   -1   -1   -1   -1   -1   -1   -1   -1   -1   -1   -1   -1   -1   -1   -1   -1   -1   -1   -1   -1   -1   -1   -1   -1   -1   -1   -1   -1   -1   -1   -1   -1   -1   -1   -1   -1   -1   -1   -1   -1   -1   -1   -1   -1   -1   -1   -1   -1   -1   -1   -1   -1   -1   -1   -1   -1   -1
-88.1      -1   -1   -1   -1   -1   -1   -1   -1   -1   -1   -1   -1   -1   -1   -1   -1   -1   -1   -1   -1   -1   -1   -1   -1   -1   -1   -1   -1   -1   -1   -1   -1   -1   -1   -1   -1   -1   -1   -1   -1   -1   -1   -1   -1   -1   -1   -1   -1   -1   -1   -1   -1   -1   -1   -1   -1   -1   -1   -1   -1   -1   -1   -1   -1   -1   -1   -1   -1   -1   -1   -1   -1   -1   -1   -1   -1   -1   -1   -1   -1   -1   -1   -1   -1   -1   -1   -1   -1   -1   -1   -1   -1   -1   -1   -1   -1
