SURT          96      48        lsx surface type (v.2)

     -178      -141      -103       -66       -28         9        47        84       122       159

 88.1                                                                                                   
 84.4                                       11111                                                       
 80.6                         1111121112222222222111       1122                  2                      
 76.9                   11111111112  12222222222221         1                    11111       1          
 73.1                  11111 1111111     2222222211                   1   1111111111111111   111        
 69.4   1   11111111111111111111111111   112222211          111111   11111111111111111111111111111111111
 65.6   11  1111111111111111111111 1111   12221   11       111111111111111111111111111111111111111111111
 61.9       1111111111111111111    1111    22            1111111111111111111111111111111111111111111111 
 58.1        11    1111111111111   11111              1   111 11111111111111111111111111111111    11    
 54.4               11111111111111 111111            111  111111111111111111111111111111111111   11     
 50.6                 1111111111111111111              111111111111111111111111111111111111111          
 46.9                  11111111111111111 1             11111111111111111111111111111111111111           
 43.1                  111111111111111                1111111111  111 1111111111111111111111 11         
 39.4                  1111111111111                 111    111111111 11111111111111111111   1          
 35.6                  1111111111111                  11111     111111111111111111111111  1111          
 31.9                    1111111111                  111111111111111111111111111111111111               
 28.1                    111111   1                 111111111111111111111111111111111111                
 24.4                     1111                      11111111111111111111 111111111111111                
 20.6                       11  1  1               111111111111111111111   11111111111                  
 16.9                        1111                  11111111111111111111    111   1111   1               
 13.1                           11                 111111111111111111       11    111   1               
  9.4                            1111111            111111111111111111      11    1 1    1              
  5.6                              1111111           1111111111111111             11   1                
  1.9                              11111111               1111111111              11 111                
 -1.9                             11111111111             111111111                1 1111  111          
 -5.6                             1111111111111            11111111                 1       111         
 -9.4                              111111111111            11111111                          1 1        
-13.1                              11111111111             11111111                       11  1         
-16.9                               1111111111             11111111 1                    111111         
-20.6                                11111111              1111111 11                  111111111        
-24.4                                1111111                11111   1                 11111111111       
-28.1                                111111                 11111                     11111111111       
-31.9                                11111                   111                       1111111111       
-35.6                               11111                                                   1111        
-39.4                               1111                                                      1       1 
-43.1                               111                                                        1     1  
-46.9                               11                                                                  
-50.6                               11                                                                  
-54.4                               11                                                                  
-58.1                                                                                                   
-61.9                                                                                                   
-65.6                                 22                              2          222 22    2            
-69.4                               2222               2   22  222222222222222222222222222222222222     
-73.1                 22    222222222222          222222222222222222222222222222222222222222222222222   
-76.9         22222222222222222222222222222    22222222222222222222222222222222222222222222222222222    
-80.6   222222222222222222222222222222222222222222222222222222222222222222222222222222222222222222222222
-84.4   222222222222222222222222222222222222222222222222222222222222222222222222222222222222222222222222
-88.1   222222222222222222222222222222222222222222222222222222222222222222222222222222222222222222222222
