SOIT05        96      48        soil texture: %sand*100 + %clay, layer  5 (v.2)

         -178 -174 -171 -167 -163 -159 -156 -152 -148 -144 -141 -137 -133 -129 -126 -122 -118 -114 -111 -107 -103  -99  -96  -92  -88  -84  -81  -77  -73  -69  -66  -62  -58  -54  -51  -47  -43  -39  -36  -32  -28  -24  -21  -17  -13   -9   -6   -2    2    6    9   13   17   21   24   28   32   36   39   43   47   51   54   58   62   66   69   73   77   81   84   88   92   96   99  103  107  111  114  118  122  126  129  133  137  141  144  148  152  156  159  163  167  171  174  178

 88.1                                                                                                                                                                                                                                                                                                                                                                                                                                                                                                   
 84.4                                                                                                                                                                                        7411 7411 7411 7411 7411                                                                                                                                                                                                                                                                                   
 80.6                                                                                                                  7411 7411 7411 7411 7411   -1 7411 7411 7411   -1   -1   -1   -1   -1   -1   -1   -1   -1   -1 7411 7411 7411                                    7411 7411   -1   -1                                                                                             -1                                                                                                              
 76.9                                                                                    7411 8005 8005 8005 7411 8005 7411 7411 7411 7411   -1           7411   -1   -1   -1   -1   -1   -1   -1   -1   -1   -1   -1   -1 7411                                              7411                                                                                                     7411 7411 7411 8005 7411                                    7411                                                  
 73.1                                                                               7411 7411 7411 7411 7411      7411 7411 8005 8005 8005 8005 7411                            -1   -1   -1   -1   -1   -1   -1   -1 7411 7411                                                                                                7411                7411 7411 7411 7411 7411 7411 7411 7411 7411 7411 7411 7411 7411 7411 5013 7411                7411 7411 7411                                        
 69.4    7411                7411 7411 7411 7411 7411 8005 8005 8005 7411 7411 7411 7411 7411 7411 7411 7411 7411 7411 7411 7411 8005 7411 7411 7411 7411 7411                7411 7411   -1   -1   -1   -1   -1 7411 7411                                                   8004 8005 8004 8004 8004 8004                8004   -2   -2 7411 7411 7411 7411 7411 7411 7411 5013 8005 8005 8005 5013 8005 5013 5013 5013 5013 5013 8005 5013 8005 8005 5013 5013 5013 5013 7411 5013 8005 7411 8005 8005
 65.6    7411 7411           4911 4911 4911 4911 4911 4911  747  747 7808  747   -2   -2 4308 4308 7411 7411 7411 7411 7411 7411 7411 7411      7411 7411 7411 7411                7411   -1   -1   -1 7411                4508 8005                                    8004 8004 8004 8004   -2 8004 8004 9702 9702 9702 9702 9702 9702 8005 4911 4228 7411 4228 9702 5013 5013 8005 8005 8005 8005 8005 8005 5013 5013 5013 5013 8005 8005 8005 8005 8005 8005 5013 8005 8005 8005 8005 8005 8005 7411
 61.9                        4911 4911 4911 4911 8005 4911  747  747  747  747  747   -2   -2 4308 4308 9901 4308 2833 7411                     8005 8005 7411 7411                       -1   -1                                                             8004 8004 8004 8004 8004 8004 8004 8004 8004  220  220  220 8004  220 8005 4528   -2   -2   -2   -2   -2 4911 4308 8005 8005 5013 5013 5013 5013 5013 5013 5013 5013 5013 5013 8005 8005 8005 8005 8005 8005 8005 8005 8005 8005 8005     
 58.1                             8005 4911                     8005  747 8005 8005   -2 4530 4530   -2 9901 9901 9901 4530   -2                8005 8005 8005 8005 8005                                                                         -2                8004 8004  747       474 1034 1034 1034 1034 1034 1034 1034 1034 1034 1034 1034 1034 1034 5213 5213 1034 1034  334 8005  220  220 8005 8005 8005 8005 8005 8005 8005 8005 8005 8005                     8005 8005                    
 54.4                                                                9901 9901 4530 4530 8005 4530 4530 4530 4530   -2   -2 4530 9901   -2      8005 9901 8005 9901 8005 8005                                                              318  272  272           8801  318  318 1034 1034 1034 1034 1034  357 2937  357 2937 2937 8005 2937 2937 2937 2937 2344 2937  357 8005 8005 8005 8005 8005 8005 8005 8005 8005 8005 8005   -2 8005 8005  220                8005 8005                         
 50.6                                                                          9901 4530 9901 4525 5920 5920 5018 5018   -2 9901 9901   -2  271 9901 9901 9901 9901 9901 9901                                                                       4308  318 4308 4308 4308 4308 4910 1034 2325 2937 2937 2937 2344 2344 2344 2344 2344 2344 2344 2344 2344 2344 2344 8005 8005 8005 8005 8005 8005 8005 8005 8005 2344 8005 8005 2325 8005 8005 8005                                                  
 46.9                                                                               6025  125 7505 2125  718 2125 5018 5018 5319 9901 9901 9901 9901 9901 9901 9901 4530      9901                                                                   318 4308 5214  318 1835 2325  747 4308 1237 2937 2937  357 2344 2613 2613 4136 4136 4136 4136 4136  343  929 8005 8005  929 8005 4136 8005 8005 8005  343  343 2344 8005 5320 8005 8005 8005                                                       
 43.1                                                                               6415 2125  125 4530 4136 2125 2125  328  221  221  221 4530 4308 9901 5503                                                                                 3439 3439 3439 4308  747  747 8005 4308 3131 1237           8005 8005 8005      6025 6025  929  929  749 8005 8005 8005 8005 8005 4623 4623  929  929  929 4136  343 8005  474 8005 8005 8005      8005 1728                                             
 39.4                                                                               6415 8108 7714  125 4530 2125 2125  125  125  125  221 4308 6415                                                                                      9405  747 3439                      747 3131 3131  318  749  749 8005 8005 8005      6025  929  929  749 8005 8005 8005  929  929 8005 1319 8005 8005 2613  749  343 8005  474 8005 8005                8005                                                  
 35.6                                                                               6220 7714 7714 2125 7714 5325 2125  125 6415 6415 6415 6415 2850                                                                                           3439 3439 3439 6025 3439                           747 8005  749 4623 8005 8005  718 8005  749 8005 8005 8005 8005 8005 8005 8005 8005 8005 8005 8005 3439 5214 5214  474            747  747 2656 1728                                                  
 31.9                                                                                         7714 7714 7714 5325 5920 6415  271 4535 4535 2850                                                                                           2920 1835 8005 8005  929  929 4824 4722 4722 4722 4722 6514 8005 4545 3133 1319 8005 1319 8005 3133 8005 8005 9405 8005 8005 8005 8005 8005 8005 8005 8005 8005 8005  674  674  674                                                                           
 28.1                                                                                          929 8107 2125 8005 6220 1547                9901                                                                                       929  929 8005  929  929  929  929  929 4722 4722  929 4722 4722 8005 9008 3133 9008 9405 8005 8005 8005 8005 9008 9008 9405 9405 8005 8005 2656 2656 8005 8005 2656 2656 2656 2656                                                                                
 24.4                                                                                               929 6220 5127 3539                                                                                                               8005 8005  929  929  929 8005 8005  929  929  929  929  929 4722 8005 8005  929 3133 3133  929 8005      8005 3133 9405 2749 5334 1566 4636 2656 2656 4846 4846 2656 2656 2656 2656                                                                                
 20.6                                                                                                        7505 7505           5423           3539                                                                            8005  929 9405  929  929 8005 8005 8005  929 8005  929  929  929  929  929 8005 8005 3133 9405 3133 3133                2749 2749 1566 1566 4636 5130 2656 2656 2656 2656 4846                                                                                          
 16.9                                                                                                              221 6230 6230 2530                                                                                           9205 8005 8005 9603 8005 8415  929 8005 9603 8005 8005 8005  929 7412 7412 9603 8005 9405 3133 3133                     2749 2749 5334                 674 2656 2656 2656                3932                                                                           
 13.1                                                                                                                            5130  591                                                                                       585 8005 8005 4253 9603 8415 8415 8415 9205 9205 8005 8005 9205 3258 2239 2239 8005 8005                                    5334 5334                     2656 4846 2656                4919                                                                           
  9.4                                                                                                                                  591  591  221 3132  474 6230 6230                                                             8005 1752 2645 4253 4253 4253 8005 4253 5610 1752 9504 9504 3258 7323 2239 9405 4824 4623                               5334 1466                     2656       674                     2656                                                                      
  5.6                                                                                                                                           1277 3946 3946 1277 1277 1277 1277                                                        6137 1752 2645 4253  585 1752 4831 3151 4831 4831 3151 3258 3258 3540 9405 4722                                                                  2656 2656                2656                                                                                
  1.9                                                                                                                                           8005 1277 1374 1277 1277 1277 1277 1277                                                                            4831 4831 4831 6137 4831 4831 4831 8005  929 9405                                                                       2347 4846      2656 2656 2656                                                                                
 -1.9                                                                                                                                      2920 1374 1374 1374 1374 3166 1374 1374 1374 1374 1374                                                                  5331 5331 6137 6137 6137  585 4831 5423 4253                                                                                 2656      3155 2656 1532 2347           3155 9405 5130                                                  
 -5.6                                                                                                                                      7808 1374 1374 1374 1374 1374 1374 1277 1277 1374 8315 5530 5530                                                             4831 8117 6137 6137 2757 1752 1752 1752                                                                                      2656                                      -2 4846 5130                                             
 -9.4                                                                                                                                           8005 1374 1374 1374 1374 1277 1277 3946  881 1277 5530 5530                                                             4253 8117 8117 4831 4831 4831 5423 5344                                                                                                                                   4235      9405                                        
-13.1                                                                                                                                           8005 8005 6230 3946 6230  881 6230 3946  881 7919 5530                                                                  4253 8117 8117 6137 4831 4831 4253 4253                                                                                                                    1466 8005           1466                                             
-16.9                                                                                                                                                8005 8005 8005 7919 4432 8315 1277  881 1277 1374                                                                  8005 9205 9801 9205 8005 4253 4831 4253      4831                                                                                                     8005 8005 1467 8005 5139 1466                                             
-20.6                                                                                                                                                     8108 8005 8107 4432 8315 7919 7919 1277                                                                       8005  665 9205 9205 5829 4253 5610      9205 4831                                                                                           2542 7813 9504 7813 7813 1467 1467 1467  493                                        
-24.4                                                                                                                                                     8108 7714 7412 4432 3545 6230 6230                                                                                 4824 9205 9205 9205 9205                5423                                                                                      2542 8108 7813 7813 7813 7813 9504 1467 1467 1467 1472                                   
-28.1                                                                                                                                                     8005 7412 8107 3138 3155 3155                                                                                      4824 9205 9205 3258 5530                                                                                                          4545 8108 7813 7813 7813 4545 5644 1467 4545 4545 1472                                   
-31.9                                                                                                                                                     8108 7412 4323 3539 4323                                                                                                4824 4824 5530                                                                                                                    1472 7119 7119 7119 9504 7119 7119 7119 4545 5042                                   
-35.6                                                                                                                                                8005 8005 7808 4620 5705                                                                                                                                                                                                                                                                2175 7119 2542  493                                        
-39.4                                                                                                                                                1821 7808 4824 8107                                                                                                                                                                                                                                                                               1472                                    3722     
-43.1                                                                                                                                                8005 7714 7714                                                                                                                                                                                                                                                                                         1946                          3722          
-46.9                                                                                                                                                8005 7714                                                                                                                                                                                                                                                                                                                                          
-50.6                                                                                                                                                8005 2125                                                                                                                                                                                                                                                                                                                                          
-54.4                                                                                                                                                8005 4323                                                                                                                                                                                                                                                                                                                                          
-58.1                                                                                                                                                                                                                                                                                                                                                                                                                                                                                                   
-61.9                                                                                                                                                                                                                                                                                                                                                                                                                                                                                                   
-65.6                                                                                                                                                            -1   -1                                                                                                                                                         -1                                                     -1   -1   -1        -1   -1                       -1                                                            
-69.4                                                                                                                                                  -1   -1   -1   -1                                                                              -1                  -1   -1             -1   -1   -1   -1   -1   -1   -1   -1   -1   -1   -1   -1   -1   -1   -1   -1   -1   -1   -1   -1   -1   -1   -1   -1   -1   -1   -1   -1   -1   -1   -1   -1   -1   -1   -1   -1                         
-73.1                                                                            -1   -1                       -1   -1   -1   -1   -1   -1   -1   -1   -1   -1   -1   -1                                                     -1   -1   -1   -1   -1   -1   -1   -1   -1   -1   -1   -1   -1   -1   -1   -1   -1   -1   -1   -1   -1   -1   -1   -1   -1   -1   -1   -1   -1   -1   -1   -1   -1   -1   -1   -1   -1   -1   -1   -1   -1   -1   -1   -1   -1   -1   -1   -1   -1   -1   -1               
-76.9                                    -1   -1   -1   -1   -1   -1   -1   -1   -1   -1   -1   -1   -1   -1   -1   -1   -1   -1   -1   -1   -1   -1   -1   -1   -1   -1   -1   -1   -1                       -1   -1   -1   -1   -1   -1   -1   -1   -1   -1   -1   -1   -1   -1   -1   -1   -1   -1   -1   -1   -1   -1   -1   -1   -1   -1   -1   -1   -1   -1   -1   -1   -1   -1   -1   -1   -1   -1   -1   -1   -1   -1   -1   -1   -1   -1   -1   -1   -1   -1   -1   -1   -1                    
-80.6      -1   -1   -1   -1   -1   -1   -1   -1   -1   -1   -1   -1   -1   -1   -1   -1   -1   -1   -1   -1   -1   -1   -1   -1   -1   -1   -1   -1   -1   -1   -1   -1   -1   -1   -1   -1   -1   -1   -1   -1   -1   -1   -1   -1   -1   -1   -1   -1   -1   -1   -1   -1   -1   -1   -1   -1   -1   -1   -1   -1   -1   -1   -1   -1   -1   -1   -1   -1   -1   -1   -1   -1   -1   -1   -1   -1   -1   -1   -1   -1   -1   -1   -1   -1   -1   -1   -1   -1   -1   -1   -1   -1   -1   -1   -1   -1
-84.4      -1   -1   -1   -1   -1   -1   -1   -1   -1   -1   -1   -1   -1   -1   -1   -1   -1   -1   -1   -1   -1   -1   -1   -1   -1   -1   -1   -1   -1   -1   -1   -1   -1   -1   -1   -1   -1   -1   -1   -1   -1   -1   -1   -1   -1   -1   -1   -1   -1   -1   -1   -1   -1   -1   -1   -1   -1   -1   -1   -1   -1   -1   -1   -1   -1   -1   -1   -1   -1   -1   -1   -1   -1   -1   -1   -1   -1   -1   -1   -1   -1   -1   -1   -1   -1   -1   -1   -1   -1   -1   -1   -1   -1   -1   -1   -1
-88.1      -1   -1   -1   -1   -1   -1   -1   -1   -1   -1   -1   -1   -1   -1   -1   -1   -1   -1   -1   -1   -1   -1   -1   -1   -1   -1   -1   -1   -1   -1   -1   -1   -1   -1   -1   -1   -1   -1   -1   -1   -1   -1   -1   -1   -1   -1   -1   -1   -1   -1   -1   -1   -1   -1   -1   -1   -1   -1   -1   -1   -1   -1   -1   -1   -1   -1   -1   -1   -1   -1   -1   -1   -1   -1   -1   -1   -1   -1   -1   -1   -1   -1   -1   -1   -1   -1   -1   -1   -1   -1   -1   -1   -1   -1   -1   -1
