OCNU          96      48        ocean surface eastward current (mm/s)

          180 -176 -173 -169 -165 -161 -158 -154 -150 -146 -143 -139 -135 -131 -128 -124 -120 -116 -112 -109 -105 -101  -98  -94  -90  -86  -83  -79  -75  -71  -68  -64  -60  -56  -53  -49  -45  -41  -38  -34  -30  -26  -23  -19  -15  -11   -7   -4    0    4    8   11   15   19   23   26   30   34   38   41   45   49   53   56   60   64   68   71   75   79   83   86   90   94   98  101  105  109  112  116  120  124  128  131  135  139  142  146  150  154  158  161  165  169  172  176

 90.0       6    6    6    6    7    7    7    7    7    7    7    7    7    7    6    6    6    6    6    5    5    5    4    4    4    3    3    2    2    2    1    1             -1   -1   -2   -2   -2   -3   -3   -4   -4   -4   -5   -5   -5   -6   -6   -6   -6   -6   -7   -7   -7   -7   -7   -7   -7   -7   -7   -7   -6   -6   -6   -6   -6   -5   -5   -5   -4   -4   -4   -3   -3   -2   -2   -2   -1   -1              1    1    2    2    2    3    3    4    4    4    5    5    5    6
 86.3       9    9    9   10   10   10   10   10   10    9    9    9    9    9    8    8    8    8    7    7    7    7    6    6    6    5    5    5    5    4    4    4    4    4    3    3                                  3    2    2    1        -1   -2   -3   -4   -4   -5   -5   -6   -6   -6   -6   -6   -6   -6   -6   -6   -5   -5   -5   -4   -4   -3   -3   -2   -1   -1              1    1    2    3    3    4    5    5    6    6    6    6    7    7    7    7    8    8    8    8    9
 82.5       8    8    9    9    9    9    9    9    9    8    8    7    6    6    5    4    4    3    3    3    2    2                                                                                                                      -6  -11  -13  -15  -16  -16                           -14  -15  -15  -14  -13  -12  -10   -9   -8   -7   -6   -6   -5   -5   -5   -5   -6             -1         1    2    2    3    3    4    5    5    6    6    7    7    7    7    8    8    8    8    8
 78.8                 1    1    1    2    2    2    2    2    2    1    1             -1                                                                                                                                                   -16  -17  -18  -17  -15  -13                            -7   -5   -4   -5   -4   -4   -3   -2   -1        -1   -2   -3   -5   -6   -6   -8                                -10   -8   -7   -7   -6   -4             -3   -3   -3   -3   -3   -2   -2   -1   -1
 75.0     -11  -12  -13  -15  -14  -13  -12  -10   -9   -8   -7   -6   -6   -5   -5                                                                                                                                                    -9  -10  -10   -9   -6   -2         1                   1    1   -1   -1   -1                        3   -1                                                                                        -5   -7                       -9   -7   -6   -6   -7   -9  -10
 71.2                -9   -9                                                                                                                                          -1   -2                                                         -13  -11   -8   -4   -1    2    6    8                                       1    1                                                                                                                                                                               
 67.5                                                                                                                                                                      -9                                                                5    4    4    4    7   10                                                                                                                                                                                                                                 
 63.8                     -2                                                                                                                                              -14  -12                                -17  -22                   6   11   13   11                                                                                                                                                                                                                                           
 60.0     -19  -14  -12   -8                                                                                                                  2                                -11   -9                  -1   10   13    7    6    6    9   15                                                                                                                                                                                                                                                          
 56.3     -17  -14  -10   -7   -4                 -18  -10   -4                                                                                                                       7    3    6   12   18   19   19   24   31   31   24                                                                                                                                                                                                                                                  -27  -22  -17
 52.5     -10   -9   -9  -12  -15  -16  -15   -7    5   13   14   10                                                                                                                 -1    8   14   19   24   27   28   27   26   22   17                                                                                                                                                                                                                                             -23  -15  -12  -11
 48.8      16   14   10    8    9   13   19   24   26   25   22   19   16    9                                                                                                             7   24   29   34   34   30   25   19   13    9    3   -2                                                                                                                                                                                                                     -9  -23  -12    8   15   17   16
 45.0      41   40   41   39   38   38   38   37   34   31   27   23   19   13    5                                                                                                       31   40   47   45   36   29   22   15   11    7    4                                                                                                                                                                                                                     15    7   22   37   43   44   43   42
 41.3      60   58   56   50   46   42   39   36   34   32   29   25   17    4  -13                                                                                   60   70   76   91   81   62   50   34   27   23   17   11    4   -5                                                                                                                                                                                                                          74   78   82   79   73   68   64   62
 37.5      59   54   49   44   41   37   34   33   30   26   19   11    1  -12  -23                                                                        143  135  108   86   84   79   49   27   16   10    8    3   -3  -10  -19  -23                                                                                                                                                                                                                    113   80   82   82   80   78   74   69   65
 33.8      54   51   46   43   40   39   37   35   30   23   16    6   -5  -13  -19                                                                        103   67   44   34   31   22   13   10    9    6    2   -4  -12  -19  -22  -25                                                                                                                                                                                                                     69   66   69   68   66   64   61   59   57
 30.0      11   15   17   18   19   20   21   20   17   10    5   -3  -11  -18  -19  -10   -4                                                          37   -6  -12  -13  -12  -12  -11   -8   -6   -5   -5   -7  -12  -15  -22  -26                                                                                                                                                                                                 13  117  176  111   24    1   13   13    9    7    6    7    8    9
 26.2     -11  -10  -10   -9   -4    2    5    7   10   12    9   -2  -12  -21  -25  -21  -14                                      -9   -9            -47  -41  -30  -32  -30  -25  -21  -19  -18  -17  -15  -13  -10  -13  -23  -23                                                                                                                                                                                            32  102   49  -39  -57  -51  -38  -25  -20  -15  -12   -9  -11  -13  -13
 22.5     -24  -27  -28  -30  -29  -23  -11   -1   -1   -6  -12  -18  -23  -29  -34  -34  -30  -15                           -10             78            -28  -11   -9   -3   -3   -4   -5   -7  -10  -13  -16  -17  -26  -38                                                                                                                                                                                                 -1  -29  -60  -53  -41  -31  -21  -15  -15  -13  -12  -16  -21  -24  -24
 18.7     -37  -35  -30  -25  -23  -28  -42  -60  -72  -76  -80  -83  -82  -83  -80  -70  -53  -31  -10    5                                -38             -5   -7   -4   -3   -7  -12  -15  -20  -30  -47  -63  -69  -61  -71                                                                                                                 34   10                                                                             -78  -66  -59  -48  -42  -34  -35  -33  -33  -36  -36  -34  -34  -35
 15.0     -79  -81  -85  -93 -109 -131 -134 -129 -128 -132 -136 -136 -137 -135 -124 -111  -86  -56  -28    2   23                               -120 -125 -114  -93  -86  -57  -33  -48  -60  -72  -95 -109 -122 -111  -74  -71                                                                                                            99   51   23                       29   21                                              -106  -98  -90  -89  -88  -82  -78  -76  -78  -78  -80  -78  -76  -78
 11.3    -121 -117 -118 -123 -129 -125 -111  -91  -90  -88  -79  -75  -78  -71  -61  -54  -42  -30  -23  -31  -52  -84 -104  -76                                              -110  -78  -58  -67  -75  -85  -89  -62  -47  -34                                                                                                      129   72   39   24   11                   6   18    9                                              -133 -127 -126 -124 -125 -130 -132 -129 -123 -126 -125 -128 -120
  7.5     -97  -89  -91  -86  -70  -57  -42  -27  -21   -7   16   38   58   76   93  116  110   84   60   40   25   34   65   71   76                                                    -86    3   39   48   46   74   71   77   56                                                                                                  36   17    8   -6  -19                  19    2    5                                               -69  -82  -90  -92  -91  -91 -100 -105 -106 -109 -104 -104 -109
  3.7    -234 -244 -256 -260 -255 -235 -243 -239 -231 -236 -223 -208 -179 -171 -149 -122  -91  -66  -34   -2   49   99  137  152  111   59   20                                              -244 -163  -78  -23         9   33   58   63                                                                                        47   32   15   10   20   28   60  110  129   78   30   10                                     180   73   78   54    8  -36  -73  -87  -97 -139 -188 -201 -201 -203 -223
  0.0    -421 -464 -471 -486 -508 -526 -542 -542 -532 -541 -538 -542 -521 -485 -466 -443 -398 -344 -278 -199 -146 -129 -142 -155 -153  -92                                                             -518 -288 -265 -281 -262 -203 -142  -85  -48  -36  -35  -36                                                          49   10  118  184  204  219  220  211  192  160  128   98   80                                           34                       -1  -91 -120 -187 -244 -275 -314 -339 -385
 -3.8    -113 -133 -148 -162 -170 -194 -202 -207 -214 -221 -223 -226 -221 -209 -203 -191 -178 -159 -143 -130 -128 -134 -135 -109  -75  -73                                                                       -202 -225 -212 -185 -140 -126 -110  -87  -67  -44                                                           6   61  103  160  164  147  153  150  129  114  109   90   70   42                                     -26                            42   11  -17  -29  -47  -72  -89  -99
 -7.5       7   -6  -19  -25  -30  -37  -46  -61  -76  -84  -90  -95 -102 -109 -122 -131 -139 -143 -150 -153 -153 -144 -129 -110  -88  -79                                                                       -152 -155 -150 -154 -148 -117 -106  -87  -61  -40  -18                                              -274 -274  -92  -41  -46  -34  -27  -35  -35  -26  -21  -16   -6   -4    6    9            -61  -80 -106  -25  -10   -1                            24   46   41   39   33   24   14
-11.2      -2   -2   -9   -7   -8  -16  -20  -22  -24  -31  -42  -53  -70  -84  -94 -100 -103 -106 -111 -114 -113 -106  -99  -91  -88  -80  -60                                                                  -106  -90  -93  -90 -100 -104  -86  -81  -71  -60  -34                                               -74  -92 -217 -215 -214 -215 -210 -204 -197 -200 -198 -189 -170 -151 -144 -132 -128 -141 -135 -114  -25    7                                     -54  -26  -14  -19  -14   -6   -5
-15.0     -31  -24   -9   -9  -13  -16  -18  -18  -23  -26  -33  -38  -39  -40  -45  -49  -51  -54  -61  -67  -72  -75  -77  -78  -77  -82  -82                                                              -56  -57  -51  -58  -68  -68  -74  -82  -80  -77  -72  -59                                                        -132 -168 -168 -170 -166 -164 -166 -172 -180 -176 -166 -143 -121 -105  -83  -60  -36  -15    2                                     -73  -93  -78  -55  -37  -43  -41  -30
-18.8     -17  -21  -20  -19  -19  -17  -17  -14  -14  -10   -4   -4  -10  -16  -19  -17  -19  -22  -25  -30  -35  -46  -55  -60  -63  -67  -70  -64                                                         -19  -19  -19  -29  -43  -58  -68  -77  -85  -86  -83  -78                                                         -52  -52  -51  -44  -46  -52  -54  -49  -44  -43  -46  -50  -42  -24  -21  -23  -17                                                    -37  -50  -35  -20  -15  -27  -18
-22.5       5    5    2    2    3    8   15   19   25   30   31   29   27   25   23   21   18   13    9    3   -3  -12  -22  -32  -40  -43  -44  -42  -33                                                 9   17   18   17   12   -1  -17  -35  -52  -66  -81  -91 -100                                                           9    9    6    7    7   14   26   36   43   51   44   27    5  -12  -17  -19                                                              -23  -19  -10   -6   -5    1
-26.2      29   34   30   29   31   34   35   36   38   42   45   47   49   51   52   51   49   46   42   36   27   18    6   -8  -19  -31  -43  -50  -39                                            3   42   34   35   33   29   27   23   16    6  -13  -33  -52  -70  -75                                -55  -59             15   10   10    9    8   11   15   21   24   31   40   51   48   24   -3  -21                                                               -6   -6    6   11   10   19
-30.0      19   36   42   41   41   39   36   34   36   38   41   45   49   52   55   57   57   56   55   53   49   45   39   27    6  -10  -20  -29  -31                                      -3   18   25   33   44   51   50   48   48   44   41   36   24    3  -28  -60                                -37  -24    2   32   32   36   34   28   21   12    8    5    2   -1    2   12   27   38   32   18                                                               71   81   82   83   74   42
-33.8      50   21   24   23   21   20   21   23   26   27   29   30   32   36   40   42   42   42   45   46   49   49   48   49   42   22    2  -10                                     -12   20   30   38   50   63   72   67   56   47   43   40   37   36   33   22   -6  -41                       23   41   38   41   44   46   48   52   49   46   39   35   35   31   23   16   12    9   10    8    7   22                                                          91   83   75   64   62   83
-37.5      20    6    1    5    9   12   14   15   17   17   18   19   21   24   27   28   29   31   35   38   40   41   43   48   53   48   23   -3                                 66   87   87   82   86   90   85   76   69   67   67   63   59   57   55   51   49   44   37   26   10   56  173  216  188  156  139  130  117  101   86   83   75   66   51   46   50   48   38   23   13   11   13   14   13   17   17   16   16   13                            12   11    1   -4   -5          
-41.2      31   32   20   22   27   30   32   32   32   33   32   31   33   36   35   32   30   27   28   30   32   36   41   44   46   52   41   19                            76  102  107   99   94   92   86   77   72   70   73   78   81   78   80   83   82   79   75   82  105  134  156  162  149  140  138  139  143  142  136  128  124  113   89   67   59   57   54   54   53   47   41   40   47   59   62   50   39   32   29   27   24                   5    2    1    1               
-45.0      69   85   87   79   74   73   72   71   68   63   59   56   56   57   56   54   47   38   34   31   30   29   33   35   35   35   30   21                       36   34   67   81   79   74   66   63   64   67   68   69   69   71   72   72   73   75   75   74   72   71   73   75   72   68   77   93   99   88   71   57   45   39   50   53   47   45   42   44   50   52   52   49   44   43   45   50   51   49   48   45   41   38   37             10   13   15   24             45
-48.8      60   73   78   75   72   73   72   71   70   67   64   61   59   60   62   63   62   59   54   51   45   39   34   33   34   45   52   30                  16  -46  -42    8   46   58   61   64   59   55   58   61   60   59   62   67   66   65   67   70   70   68   65   63   62   61   58   56   53   48   42   40   40   36   33   36   60   72   37   22   27   33   37   43   45   45   42   40   40   42   44   50   56   61   65   68   59   38   24   22   24   25   18   35   41
-52.5      77   65   60   57   56   55   54   51   49   49   51   53   52   52   53   56   60   63   61   56   52   49   48   47   49   56   87  105                  25   18   28   13   25   39   47   54   54   54   57   59   56   52   50   50   52   55   57   58   59   59   57   56   56   56   55   53   49   47   49   58   67   70   60   42   36   71  105   80   48   34   33   35   37   39   39   39   39   39   40   43   50   59   73   86   92   87   74   61   50   39   43   57   82
-56.3      50   41   42   43   43   41   41   42   46   50   55   59   61   61   58   56   54   53   50   50   52   53   55   58   61   67   79  122                 150  165  154  100   55   46   43   33   38   47   49   49   49   48   46   43   42   42   41   38   37   37   38   38   40   42   45   48   50   52   53   56   58   59   62   63   61   64   96  130  132  119  109  101   93   84   77   75   76   77   77   75   72   71   74   83   96  106  112  114  113  120  127  115   78
-60.0      35   37   40   41   42   42   44   48   54   58   60   60   59   57   55   54   53   54   56   60   62   63   64   65   66   72   84  105  136  168  170  144  131   86   47   44   37   36   35   34   35   32   28   28   30   30   28   27   26   25   24   24   24   26   27   29   31   33   34   35   35   35   35   34   36   42   47   47   34   23   45   75   87   92   97  103  104  105  108  110  112  114  113  110  105   96   85   79   80   85   95   97   93   81   60   42
-63.8      27   32   35   37   38   39   41   43   45   45   44   43   42   40   40   41   43   46   51   54   57   60   61   61   60   60   60   59   51   40                   9    5    5   13   15   16   16   10    3   -3   -3   -1    2    4    6         8    9   10   10   10   11   12   12   12   11    9    8    6             13   24   35   41   41   29    9    2    7                                      34   34   34             33   31   25   22   24   26   31   32   26   21   22
-67.5      24   24   24   23   22   22   20   18   16   14   13   13   15   16   18   20   21   22   22   21   20   18   17   17   20   21   18   10                            10    7   -2  -13  -18  -16  -15  -13   -8   -3   -1         2    3                                       1                                                                                                                                                                                            17   20   19   20
-71.2      12    9    9    7    6    5    4    2    1    1    1    2    4    5                   5    1    1                                                                     5   12   13   16   12        -5   -4   -2                                                                                                                                                                                                                                                                       10   11
-75.0                                                                                                                                                                                                                                                                                                                                                                                                                                                                                                   
-78.8                                                                                                                                                                                                                                                                                                                                                                                                                                                                                                   
-82.5                                                                                                                                                                                                                                                                                                                                                                                                                                                                                                   
-86.2                                                                                                                                                                                                                                                                                                                                                                                                                                                                                                   

OCNV          96      48        ocean surface northward current (mm/s)

          180 -176 -173 -169 -165 -161 -158 -154 -150 -146 -143 -139 -135 -131 -128 -124 -120 -116 -112 -109 -105 -101  -98  -94  -90  -86  -83  -79  -75  -71  -68  -64  -60  -56  -53  -49  -45  -41  -38  -34  -30  -26  -23  -19  -15  -11   -7   -4    0    4    8   11   15   19   23   26   30   34   38   41   45   49   53   56   60   64   68   71   75   79   83   86   90   94   98  101  105  109  112  116  120  124  128  131  135  139  142  146  150  154  158  161  165  169  172  176

 90.0       4    3    3    2    2    2    1    1             -1   -1   -2   -2   -2   -3   -3   -4   -4   -4   -5   -5   -5   -6   -6   -6   -6   -6   -7   -7   -7   -7   -7   -7   -7   -7   -7   -7   -6   -6   -6   -6   -6   -5   -5   -5   -4   -4   -4   -3   -3   -2   -2   -2   -1   -1              1    1    2    2    2    3    3    4    4    4    5    5    5    6    6    6    6    6    7    7    7    7    7    7    7    7    7    7    6    6    6    6    6    5    5    5    4    4
 86.3       1                  -1   -1   -2   -2   -3   -3   -4   -4   -4   -5   -5   -5   -5   -5   -6   -6   -6   -6   -6   -6   -6   -6   -6   -6   -7   -6   -6   -7   -7   -6   -6   -6                                 -9  -10  -11  -12  -12  -12  -12  -11  -10   -9   -8   -7   -7   -6   -5   -5   -4   -3   -2   -1         1    2    2    3    4    4    4    5    5    5    5    5    6    6    5    5    5    4    3    3    2    1    1    1    1    1    1    1    1    1    1    1    1
 82.5       1                  -1   -2   -3   -4   -5   -6   -6   -7   -7   -7   -7   -7   -7   -6   -6   -6   -6   -5                                                                                                                     -23  -28  -26  -22  -18  -14                            -8   -7   -4         2    4    6    6    7    7    7    7    7    6    5    5    8             11   10    9    8    7    6    4    3    1    1             -1   -1   -1                              
 78.8       2    2    2    1        -1   -2   -4   -5   -6   -7   -8   -8   -8   -8   -7                                                                                                                                                   -29  -27  -22  -15   -8   -2                            -1   -1    4    7    7   10   10   10    9    8    6    4    2    4    1   -4    5                                 11    7    4    4    6    5              1    2    1    1    1    1    1    1    2
 75.0       5    4    2    2    4    4    2        -2   -3   -4   -4   -5   -6   -5                                                                                                                                                   -26  -21  -16   -8    2    9   13   18              4   10    7    4    4    7    9   11              4    3                                                                                         6    6                        5    5    2        -1   -1    2
 71.2                -1                                                                                                                                               -4   -4                                                         -17  -13   -6    4   11   15   17   16                                       3    4                                                                                                                                                                               
 67.5                                                                                                                                                                      -8                                                               -6   -3    5   10   14   11                                                                                                                                                                                                                                 
 63.8                                                                                                                                                                     -11    5                                 60   44                 -10  -10   -6    1                                                                                                                                                                                                                                           
 60.0      10   14   11    9                                                                                                            -6    2                                  2    5                  26    7   20   -8   -7    7   18    4                                                                                                                                                                                                                                                          
 56.3      15   12    8    6   -1                 -21        12                                                                                                                      -4  -10  -14   -7   -4  -12  -22  -35  -31  -16  -11                                                                                                                                                                                                                                                    2    8   12
 52.5       4    3   -3   -8  -16  -24  -31  -33  -24  -15   -9   -5                                                                                                                -14  -19  -25  -19  -23  -30  -37  -42  -42  -37  -26                                                                                                                                                                                                                                             -25   -2    4    4
 48.8     -14  -14  -18  -23  -26  -29  -32  -31  -28  -28  -26  -23  -21  -15                                                                                                            -1  -36  -31  -28  -38  -43  -45  -46  -43  -32  -20   -2                                                                                                                                                                                                                    -17  -44  -38  -24  -16  -15  -15
 45.0     -26  -25  -27  -29  -29  -29  -31  -33  -34  -35  -35  -32  -30  -30  -22                                                                                                       32  -29  -28  -33  -45  -46  -45  -44  -41  -32  -20                                                                                                                                                                                                                    -20  -45  -39  -30  -28  -29  -30  -29
 41.3     -31  -30  -30  -31  -31  -30  -31  -30  -31  -33  -34  -32  -32  -39  -41                                                                                   -5   -9  -52  -12   21  -31  -32  -42  -45  -42  -41  -41  -37  -28                                                                                                                                                                                                                         -34  -40  -33  -34  -38  -38  -36  -34
 37.5     -34  -32  -32  -30  -28  -26  -25  -24  -25  -26  -25  -24  -26  -40  -63                                                                         17   -6  -16  -47  -51  -26  -29  -41  -40  -39  -36  -32  -30  -30  -24  -17                                                                                                                                                                                                                     -1  -43  -37  -40  -44  -45  -46  -42  -36
 33.8     -34  -31  -29  -26  -24  -22  -20  -19  -19  -18  -16  -13  -14  -28  -58                                                                        -27  -40  -45  -54  -47  -41  -40  -37  -33  -30  -28  -25  -21  -16  -10   -9                                                                                                                                                                                                                    -52  -42  -35  -39  -41  -42  -41  -39  -35
 30.0     -12  -12  -11   -9   -7   -6   -4   -3   -1    3    6    6    4   -7  -31  -47  -49                                                          46  -50  -31  -29  -30  -28  -24  -21  -19  -19  -16  -14  -10   -6         2                                                                                                                                                                                                 17   62  105   20   -9  -54  -33  -30  -29  -27  -23  -19  -17  -15
 26.2      18   20   19   21   23   23   24   28   32   33   29   25   21   13   -2  -18  -47                                      22   26             46  -28    1   -4   -3   -2   -1    1    3    6   12   12   13   14   14    7                                                                                                                                                                                            29  122   65   15   -8  -10  -12   -3   -2         2    5    7    8   13
 22.5      44   42   42   46   53   55   60   62   62   58   54   49   43   34   21    5  -23  -37                            17             78             28   30   24   22   21   20   24   30   35   42   43   41   33   25                                                                                                                                                                                                138   54   25   19   22   22   23   24   28   31   30   31   34   37   44
 18.7      69   68   67   71   73   71   75   76   80   81   81   78   71   59   49   35   11   -3   -9  -11                                123             63   55   53   45   42   46   53   60   60   62   64   61   48   27                                                                                                                -40  -30                                                                              46   45   50   52   51   50   51   57   58   58   60   64   68   72
 15.0      91   93   93   89   84   90   98   95   95   97  102  101   91   83   75   64   48   30   22    9   -1                                 81   87   90   84   81   86   62   65   75   73   73   77   73   86   68   28                                                                                                           -48  -48  -37                       -2  -24                                                54   62   70   73   72   72   76   79   80   86   90   92   92   92
 11.3      98  100   97   92   89  107  120  112  103  106  118  110  102   99   87   79   73   51   34   17    1  -11  -23   31                                               106   90   83   76   84   86   81  106   72   35                                                                                                      -39  -50  -34  -28  -31                  14  -14  -12                                                61   68   74   78   79   87   93   95  100  104  108  109  106
  7.5     107  112  108  106  101  121  144  135  117  119  114  106  103  107  100   81   65   50   29    4   -9  -12   -9   14   30                                                    181   96   70   66   79  104   63   36   11                                                                                                 -52  -25  -26  -31  -43                  36    8                                                     32   51   63   70   76   85   97  106  102  111  109  107  112
  3.7     148  138  134  139  150  174  197  174  147  160  170  177  154  152  145  135  103   88   75   49   45   52   49   35   26  -25  -38                                               191  140   89   78   95   88   58   30   17                                                                                        15  -15  -10  -33  -34  -45  -71  -25   15   14   -3    9                                     -92   -3   -3    4   25   50   82  102   98   96  109  125  125  127  142
  0.0     -22  -35  -33  -34  -19   -2    2  -21  -30  -22   -6   -8  -21  -16   -8  -12  -19  -20  -22  -20    1   14   10  -26   -7   -6                                                               65   49   -3    7   -4   -9   -4    2    7   35   36   16                                                          -9   19   24  -18    4   11   16   27   38   34   30    8  -15                                          -22                       -1   10   -2  -20  -28  -29  -28  -21  -11
 -3.8     -69  -66  -81 -103  -93  -93 -101  -98 -102 -107 -111 -121 -124 -104 -102 -113 -116 -109 -113 -114 -109 -110 -114 -120  -84  -45                                                                       -110 -101  -98 -104 -122 -101  -80  -69  -45  -35                                                     -6  -60  -57  -13  -36  -35  -14   -1   -4  -12  -17  -20  -29  -41  -40                                     -21                           -26  -41  -27  -30  -39  -49  -51  -60
 -7.5     -48  -46  -58  -73  -66  -69  -73  -78  -83  -78  -85  -89  -92  -89  -95 -102 -105 -102 -108 -114 -114 -112 -103  -96  -70  -52                                                                       -133 -111  -97  -96  -98 -102  -74  -63  -46  -31  -26                                               -39   10   11  -54  -55  -76  -65  -54  -62  -66  -80  -89 -100  -97  -98  -60            -12  -23 -131  -13    3   -1                           -71  -42  -29  -37  -36  -37  -39
-11.2     -48  -54  -52  -53  -47  -50  -54  -58  -63  -64  -67  -70  -75  -81  -85  -87  -88  -88  -88  -93  -94  -93  -88  -80  -62  -49  -28                                                                  -112  -91  -79  -82  -75  -75  -69  -55  -46  -30  -27                                               -21   33   95  -90  -80  -97 -100  -91  -87  -92 -109 -117 -127 -125 -114 -109  -83  -54  -45  -53  -38    2                                     -63  -68  -58  -47  -43  -52  -54
-15.0     -39  -53  -50  -43  -45  -44  -42  -43  -49  -58  -58  -57  -55  -57  -62  -66  -64  -66  -68  -70  -70  -67  -64  -62  -50  -40  -30                                                              -47  -74  -61  -51  -56  -60  -53  -52  -50  -45  -34  -13                                                         -21  -86  -88  -93  -87  -82  -84  -90  -96 -103 -105 -109 -102  -95  -73  -45  -28  -12                                          -58  -64  -72  -69  -50  -38  -57  -56
-18.8     -36  -41  -43  -41  -44  -43  -39  -40  -45  -46  -45  -40  -39  -42  -40  -41  -41  -45  -47  -47  -46  -43  -43  -41  -35  -26  -18   -4                                                         -33  -43  -30  -25  -28  -34  -38  -39  -37  -36  -32  -11                                                         -59  -65  -66  -64  -67  -72  -73  -77  -82  -76  -70  -69  -70  -67  -57  -36  -14                                                    -79  -46  -50  -44  -39  -50  -52
-22.5     -32  -31  -29  -31  -34  -34  -29  -28  -27  -27  -29  -30  -30  -30  -26  -25  -25  -28  -30  -29  -30  -29  -25  -24  -20  -12        12   16                                               -59  -24  -25  -11  -13  -15  -18  -23  -25  -25  -22  -20  -12                                                         -14  -52  -40  -41  -47  -53  -50  -52  -55  -55  -54  -56  -46  -35  -38  -40                                                              -24  -27  -34  -32  -39  -41
-26.2     -15  -22  -18  -19  -17  -14  -12  -11  -12  -13  -14  -16  -18  -19  -17  -15  -17  -18  -19  -17  -19  -20  -16  -14   -6    1    9   22   27                                          -36  -13  -20  -13   -2   -2   -6  -11  -13  -15  -15  -12   -8    1   17                                -25  -27              4  -32  -24  -24  -19  -14  -14  -16  -20  -23  -29  -39  -43  -29  -21  -37                                                              -48    3  -18  -14  -15  -16
-30.0      18    6   -2    1    4    3    3    3             -2   -5   -6   -7   -5   -4   -5   -7   -7   -7  -10   -9   -8   -7   -4    4   18   31   35                                           16    3   -2    7   11   13   12    9    7    3        -2   -1    5   21                                  4  -14  -18    2    7   -1         1    6   13   12    7    8   14   18   13    1  -11   -8  -26                                                              -29   27    5       -14  -12
-33.8      -4   35   16   14   14   13   12   12   12   13   11    9    6    4    5    9    9    7    5    6    5    6    6    1   -7    5   25   40                                     -25   46   33   24   31   32   27   25   24   24   24   22   20   19   15   11   15   20                            45   24   28   33   33   35   22   20   24   28   33   28   28   38   45   46   41   24   15    7  -10                                                          14   25   12   10   -3  -45
-37.5     -64   21   23   20   19   19   19   20   19   19   18   19   17   16   18   21   22   25   22   22   21   18   19   17    7   -4   11   35                                 -5   33   53   42   41   46   39   30   25   26   28   32   34   35   37   37   33   25    9    3   -9  -47  -12   53   33   28   42   48   48   49   52   43   43   41   48   53   47   48   52   54   54   46   31   23   26   46   64   41   32   25                            26   18   15   10    6          
-41.2     -35   -2   29   33   27   23   24   25   26   27   27   28   27   29   32   34   37   40   40   40   37   34   34   36   33    3   -8   21                           106   43   35   47   52   52   43   31   27   29   33   34   35   40   44   49   53   57   59   56   45   31   43   57   52   26   29   54   62   59   56   69   57   44   34   43   73   70   65   65   61   62   65   62   52   44   47   56   47   39   34   29   20                  35   20   17   12               
-45.0      17   -3   25   36   32   28   29   32   33   32   32   36   40   40   40   39   39   44   48   49   50   49   48   47   46   12  -19    3                      173  150   71   31   40   46   42   36   30   29   32   37   36   33   40   44   47   51   54   58   62   61   54   52   51   51   50   52   61   61   48   44   49   51   41    8   35   72   69   72   75   62   55   60   65   62   55   47   45   41   35   31   27   21   20             38   30   28   25             19
-48.8      55   29   28   34   34   33   32   32   30   29   31   37   45   48   46   40   37   43   50   52   53   55   56   55   51   23  -38  -20                 101  119  231  136   39   25   33   34   27   28   30   31   32   33   35   40   38   42   46   46   47   48   48   44   41   40   44   53   53   47   34   25   24   27   47   51   14   -5   34   56   67   65   52   42   42   45   45   41   37   34   33   29   26   21   18   20   36   43   40   38   37   54   55   64   65
-52.5      61   29   24   28   31   29   24   20   19   20   25   29   36   44   45   41   37   38   41   41   42   45   48   51   50   42  -15  -81                  96   85  228  173   74   27   41   33   10   23   30   24   19   22   28   34   30   33   38   36   34   33   31   29   27   26   28   33   33   31   27   24   14    1   14   31   49    6  -32    5   41   51   47   36   31   30   29   25   22   23   27   32   34   33   31   24   19   15   14   21   25   32   68  109  108
-56.3      33   17   20   25   25   21   15   10   12   19   24   26   28   33   33   33   29   25   21   22   26   30   33   36   38   38   32  -26                  98  102  186  106   51   27   29   29   14   23   28   17    5    7   14   20   21   23   24   24   22   20   19   18   17   18   19   21   22   22   22   22   10  -12  -11   -2   33   71    9  -43  -17   15   21   15    9    9   12   12   12   14   17   26   33   40   49   45   27    9   -2    1   14   40   82  112   80
-60.0      12   13   19   22   20   16   13   12   16   20   23   21   19   20   20   20   18   14   13   14   17   20   23   26   30   35   41   42   34   45  101   63   89   76   33   17   21   10    8   17   20   19    9        -2    1    7   12   12   11   11   11   11   11   11   12   14   16   16   16   15   15   12   -2  -20  -19  -11    9   46   56   10  -17   -2    7    3  -10  -14   -5    2    4    7    9   13   17   25   33   40   32   14    3   -1    7   32   52   48   27
-63.8      13   17   19   19   16   15   15   15   17   18   17   11    8    8   11   13   13   13   12   11   12   14   14   14   19   28   40   47   41   36                 -17   16   15   14   10    4    7    4   -1   -5   -6   -7   -5         6         4    4    5    5    5    7    8   10   10    9    9    7    4            -18  -17  -11   -4   11   30   14   -9   -4                                       2    2    3              7    9   10    3    1   -5   -4    4   10   11   12
-67.5      15   14   16   14   13   12   12   12   11   10    8    4    2    3    7   11   14   14    9    7    7    6    4    6   11   17   18   13                            -8   -1    8   10    1    2   -1   -9  -11   -9   -7   -6   -6   -4                                       2                                                                                                                                                                                            -8   -9   -2   11
-71.2       8    2    5    3    2    3    3    3    2    2    2    2    2    2                   6    1                                                                         -4   -1   -6   -7  -10   -7   -3   -3   -3                                                                                                                                                                                                                                                                       -7    5
-75.0                                                                                                                                                                                                                                                                                                                                                                                                                                                                                                   
-78.8                                                                                                                                                                                                                                                                                                                                                                                                                                                                                                   
-82.5                                                                                                                                                                                                                                                                                                                                                                                                                                                                                                   
-86.2                                                                                                                                                                                                                                                                                                                                                                                                                                                                                                   
