FWATER        96      48        % open water: +ve deep, -ve shallow (v.2)

         -178 -174 -171 -167 -163 -159 -156 -152 -148 -144 -141 -137 -133 -129 -126 -122 -118 -114 -111 -107 -103  -99  -96  -92  -88  -84  -81  -77  -73  -69  -66  -62  -58  -54  -51  -47  -43  -39  -36  -32  -28  -24  -21  -17  -13   -9   -6   -2    2    6    9   13   17   21   24   28   32   36   39   43   47   51   54   58   62   66   69   73   77   81   84   88   92   96   99  103  107  111  114  118  122  126  129  133  137  141  144  148  152  156  159  163  167  171  174  178

 88.1     100  100  100  100  100  100  100  100  100  100  100  100  100  100  100  100  100  100  100  100  100  100  100  100  100  100  100  100  100  100  100  100  100  100  100  100  100  100  100  100  100  100  100  100  100  100  100  100  100  100  100  100  100  100  100  100  100  100  100  100  100  100  100  100  100  100  100  100  100  100  100  100  100  100  100  100  100  100  100  100  100  100  100  100  100  100  100  100  100  100  100  100  100  100  100  100
 84.4     100  100  100  100  100  100  100  100  100  100  100  100  100  100  100  100  100  100  100  100  100  100  100  100  100  100  100  100  100  100  100  100  100  100  100  100   67   65   55   55   62  100  100  100  100  100  100  100  100  100  100  100  100  100  100  100  100  100  100  100  100  100  100  100  100  100  100  100  100  100  100  100  100  100  100  100  100  100  100  100  100  100  100  100  100  100  100  100  100  100  100  100  100  100  100  100
 80.6     100  100  100  100  100  100  100  100  100  100  100  100  100  100  100  100  100  100  100  100  100  100   64   26   19   11             24   39   28   13    5                                            5   25   58  100  100  100  100  100  100  100   67   60   62   68  100  100  100  100  100  100  100  100  100  100  100  100  100  100  100  100  100  100   44  100  100  100  100  100  100  100  100  100  100  100  100  100  100  100  100  100  100  100  100  100  100
 76.9     100  100  100  100  100  100  100  100  100  100  100  100  100  100  100  100   56   47   51   67   62   48   49   42   36   21   22  100  100   50   35   36   12                                                29  100  100  100  100  100  100  100  100  100   62  100  100  100  100  100  100  100  100  100  100  100  100  100  100  100  100  100  100  100  100   58   45   14   37   49  100  100  100  100  100  100  100   69  100  100  100  100  100  100  100  100  100  100
 73.1     100  100  100  100  100  100  100  100  100  100  100  100  100  100  100   19   31   35   45   39  100   41   40   61   28   24   26   45  100  100  100  100  100   17                                       8   67  100  100  100  100  100  100  100  100  100  100  100  100  100  100  100  100  100  100  100   35  100  100  100   56   68   68   52   27             -5  -10   -9        11   27   36   45   32  100  100  100   44   53   63  100  100  100  100  100  100  100  100
 69.4      67  100  100  100   43   10        13   20   28   38   52   40   27   33   35   39   23   17   14   37   63   30   28   51   13   49   39   14   16  100  100  100   65   14                       13   29   62  100  100  100  100  100  100  100  100  100  100   49   23    8    7   33   52  100  100  100   69   56   54   38   45    7   33    8        -6   -7   -6                                                                              -5   -7   18   39   39   40   33   41
 65.6      51   36  100  100   37                                               -10   24   12  -11  -14  -12  -11  -16  -13  -11   24   27  100   69   33  -10   30  100  100  100    8             40   66  100  100  100   45   38  100  100  100  100  100  100  100   29   -8   17   24  -10  -11   36   29   21    8                       -5        10                                                                    -7                                                                    15
 61.9     100  100  100  100   16              7   10    7                            -6  -10   18  -14  -17  -16  -21  -19  100  100  100  100   43   37   53   69  100  100  100  100   21   29  100  100  100  100  100  100  100  100  100  100  100  100   51   -6   -6   23   64  -11  -15   19  -11                                      -6        -5                                                                                                            22   40   22   10   15   50  100
 58.1     100  100  100  100  100   49   33  100  100  100  100   51    6                       -5  -10  -13  -16  -15   -8   62  100  100  100   35  -22   17   17   63  100  100  100  100  100  100  100  100  100  100  100  100  100  100   58  100  100  100   45  -13   39  100   30   10                                                                                                                                                    51  100  100  100  100   29   53  100  100  100  100
 54.4     100  100  100  100  100  100  100  100  100  100  100  100   67   19                  -6   -7  -10  -15   21  -22  -17  -12   23  100   12  -18  -17  -17   -8   44  100  100  100  100  100  100  100  100  100  100  100  100   59   44   26  100  100   25   31   41   22                                      -5                                 -6                                      11    9                                 31   65  100  100  100   54   26  100  100  100  100  100
 50.6     100  100  100  100  100  100  100  100  100  100  100  100  100  100   16                                  8  -13  -20   -9        14  -12  -15  -11   25   33   35  100  100  100  100  100  100  100  100  100  100  100  100  100  100   39   31                                                                                                                                                                                  -6   34  100  100  100  100  100  100  100  100  100  100
 46.9     100  100  100  100  100  100  100  100  100  100  100  100  100  100  100                                      -9  -11   40   30   14  -11  -10   -5   20   68  100   64  100  100  100  100  100  100  100  100  100  100  100  100  100   40                   6                       27   22    7         8   42        10   14                  -6                                                                         -5   16  100  100  100  100  100  100  100  100  100  100  100
 43.1     100  100  100  100  100  100  100  100  100  100  100  100  100  100  100                                                26   13   27   11        62  100  100  100  100  100  100  100  100  100  100  100  100  100  100  100  100   37   25   14   56   57   39   42             41  100  100   64        25  100    7   15    6                                                                                        11   46  100   66   66  100  100  100  100  100  100  100  100  100
 39.4     100  100  100  100  100  100  100  100  100  100  100  100  100  100  100    9                                                           5  100  100  100  100  100  100  100  100  100  100  100  100  100  100  100  100  100   58         8  100  100  100  100   64   38   53   15              5            100   26                                                                                   25   59   25  100  100  100   50  100  100  100  100  100  100  100  100  100  100
 35.6     100  100  100  100  100  100  100  100  100  100  100  100  100  100  100   67    5                                                     37  100  100  100  100  100  100  100  100  100  100  100  100  100  100  100  100  100  100   39   42   23   15   24  100  100  100  100  100   64   37                   9                                                                                         7  100  100   59   64   39   66  100  100  100  100  100  100  100  100  100  100
 31.9     100  100  100  100  100  100  100  100  100  100  100  100  100  100  100  100  100   19                                  7        48  100  100  100  100  100  100  100  100  100  100  100  100  100  100  100  100  100  100   50                            23   67   45   44   67   63   18                                                                                                       -5   -8   66  100  100  100  100  100  100  100  100  100  100  100  100  100  100  100
 28.1     100  100  100  100  100  100  100  100  100  100  100  100  100  100  100  100  100   58   28                  63  100  100  100   51  100  100  100  100  100  100  100  100  100  100  100  100  100  100  100  100  100   64    8                                                          22              7   59   16                                                                              -5       100  100  100  100  100  100  100  100  100  100  100  100  100  100  100  100
 24.4     100  100  100  100  100  100  100  100  100  100  100  100  100  100  100  100  100  100   68   32         7  100  100  100  100  100  100  100  100  100  100  100  100  100  100  100  100  100  100  100  100  100  100                                                                    50   13             18   37   51  100   69   13                                                           6   49  100  100  100  100  100  100  100  100  100  100  100  100  100  100  100  100
 20.6     100  100  100  100  100  100  100  100  100  100  100  100  100  100  100  100  100  100  100  100            100  100   45  100  100   64  100  100  100  100  100  100  100  100  100  100  100  100  100  100  100   55                                                                    13   57                       39  100  100  100   25             11   69   61                  43   52  100  100  100  100  100  100  100  100  100  100  100  100  100  100  100  100  100  100
 16.9     100  100  100  100  100  100  100  100  100  100  100  100  100  100  100  100  100  100  100  100  100   43   29    8   38  100  100  100  100  100  100  100  100  100  100  100  100  100  100  100  100  100  100   61                                                                         56   25         7   56  100  100  100  100   53        21  100  100  100   38             37  100  100  100   55  100  100  100  100  100  100  100  100  100  100  100  100  100  100  100
 13.1     100  100  100  100  100  100  100  100  100  100  100  100  100  100  100  100  100  100  100  100  100  100  100  100   43   27  100  100  100  100  100  100  100  100  100  100  100  100  100  100  100  100  100   54                                       8                                      34   59  100  100  100  100  100  100  100        64  100  100  100  100   36   12       100  100  100   56  100  100  100  100  100  100  100  100  100  100  100  100  100  100  100
  9.4     100  100  100  100  100  100  100  100  100  100  100  100  100  100  100  100  100  100  100  100  100  100  100  100  100   58   70   54    8    8   20   33  100  100  100  100  100  100  100  100  100  100  100  100   32                                                                          7    9   52  100  100  100  100  100  100   49   66  100  100  100  100   62  100   66  100  100  100  100   59  100  100  100  100  100  100  100  100  100  100  100  100  100  100
  5.6     100  100  100  100  100  100  100  100  100  100  100  100  100  100  100  100  100  100  100  100  100  100  100  100  100  100  100   31                       19   46  100  100  100  100  100  100  100  100  100  100  100   41   31   35   63   36    8                                                11  100  100  100  100  100  100  100  100  100  100  100  100  100   64   64  100  100  100   57  100  100  100  100  100  100  100  100  100  100  100  100  100  100  100  100
  1.9     100  100  100  100  100  100  100  100  100  100  100  100  100  100  100  100  100  100  100  100  100  100  100  100  100  100  100   11                                 44  100  100  100  100  100  100  100  100  100  100  100  100  100  100  100   52        -7    6            -10             12  100  100  100  100  100  100  100  100  100  100  100  100  100  100   33   40  100   44        54  100  100  100  100  100  100  100  100  100  100  100  100  100  100  100  100
 -1.9     100  100  100  100  100  100  100  100  100  100  100  100  100  100  100  100  100  100  100  100  100  100  100  100  100  100   49                  -6   -9   -8   -7        23   65  100  100  100  100  100  100  100  100  100  100  100  100  100   53        -8             -6   26   -5   12  100  100  100  100  100  100  100  100  100  100  100  100  100  100  100  100   18  100   36   10   63   56  100  100   46   54   67  100  100  100  100  100  100  100  100  100  100
 -5.6     100  100  100  100  100  100  100  100  100  100  100  100  100  100  100  100  100  100  100  100  100  100  100  100  100  100   46                       -5                                 55  100  100  100  100  100  100  100  100  100  100  100  100   22                  11             50  100  100  100  100  100  100  100  100  100  100  100  100  100  100  100  100  100   63  100  100  100  100  100  100  100   59  -10   14  100  100  100  100  100  100  100  100  100
 -9.4     100  100  100  100  100  100  100  100  100  100  100  100  100  100  100  100  100  100  100  100  100  100  100  100  100  100  100   10                                                     51  100  100  100  100  100  100  100  100  100  100  100  100   54                 -10   -6        38  100  100  100  100  100  100  100  100  100  100  100  100  100  100  100  100  100  100  100  100  100  100  100  100  100  100   65  100   61  100  100  100  100  100  100  100  100
-13.1     100  100  100  100  100  100  100  100  100  100  100  100  100  100  100  100  100  100  100  100  100  100  100  100  100  100  100   56                                 -5             25  100  100  100  100  100  100  100  100  100  100  100  100  100   43                            11   17  100  100  100  100  100  100  100  100  100  100  100  100  100  100  100  100  100  100  100  100  100  100  100   64   16  100  100   70  100  100  100  100  100  100  100  100  100
-16.9     100  100  100  100  100  100  100  100  100  100  100  100  100  100  100  100  100  100  100  100  100  100  100  100  100  100  100  100   58    8             -9   -5                  45  100  100  100  100  100  100  100  100  100  100  100  100  100   16                  -6         6   60  100    9  100  100  100  100  100  100  100  100  100  100  100  100  100  100  100  100  100  100  100  100    6             22   40   14  100  100  100  100  100  100  100  100  100
-20.6     100  100  100  100  100  100  100  100  100  100  100  100  100  100  100  100  100  100  100  100  100  100  100  100  100  100  100  100  100   26             -7                      100  100  100  100  100  100  100  100  100  100  100  100  100  100   54                            59  100   69    9  100  100  100  100  100  100  100  100  100  100  100  100  100  100  100  100  100  100   43   10                                 38  100  100  100  100  100  100  100  100
-24.4     100  100  100  100  100  100  100  100  100  100  100  100  100  100  100  100  100  100  100  100  100  100  100  100  100  100  100  100  100   17             -7             45  100  100  100  100  100  100  100  100  100  100  100  100  100  100  100  100                        6  100  100  100   49  100  100  100  100  100  100  100  100  100  100  100  100  100  100  100  100  100   30                                                48  100  100  100  100  100  100  100
-28.1     100  100  100  100  100  100  100  100  100  100  100  100  100  100  100  100  100  100  100  100  100  100  100  100  100  100  100  100  100    6            -10        11  100  100  100  100  100  100  100  100  100  100  100  100  100  100  100  100  100   23                  39  100  100  100  100  100  100  100  100  100  100  100  100  100  100  100  100  100  100  100  100  100   44                                                13  100  100  100  100  100  100  100
-31.9     100  100  100  100  100  100  100  100  100  100  100  100  100  100  100  100  100  100  100  100  100  100  100  100  100  100  100  100  100                           100  100  100  100  100  100  100  100  100  100  100  100  100  100  100  100  100  100  100             27  100  100  100  100  100  100  100  100  100  100  100  100  100  100  100  100  100  100  100  100  100  100  100             29   51   36                       33  100  100  100  100  100  100  100
-35.6     100  100  100  100  100  100  100  100  100  100  100  100  100  100  100  100  100  100  100  100  100  100  100  100  100  100  100  100   62                  19  100  100  100  100  100  100  100  100  100  100  100  100  100  100  100  100  100  100  100  100  100  100  100  100  100  100  100  100  100  100  100  100  100  100  100  100  100  100  100  100  100  100  100  100  100  100  100  100  100  100  100   69   12            100  100  100  100  100  100  100  100
-39.4     100  100  100  100  100  100  100  100  100  100  100  100  100  100  100  100  100  100  100  100  100  100  100  100  100  100  100  100   37             36  100  100  100  100  100  100  100  100  100  100  100  100  100  100  100  100  100  100  100  100  100  100  100  100  100  100  100  100  100  100  100  100  100  100  100  100  100  100  100  100  100  100  100  100  100  100  100  100  100  100  100  100  100  100   64  100  100  100  100  100  100  100   53  100
-43.1     100  100  100  100  100  100  100  100  100  100  100  100  100  100  100  100  100  100  100  100  100  100  100  100  100  100  100  100   30        31  100  100  100  100  100  100  100  100  100  100  100  100  100  100  100  100  100  100  100  100  100  100  100  100  100  100  100  100  100  100  100  100  100  100  100  100  100  100  100  100  100  100  100  100  100  100  100  100  100  100  100  100  100  100  100  100   70  100  100  100  100  100   47  100  100
-46.9     100  100  100  100  100  100  100  100  100  100  100  100  100  100  100  100  100  100  100  100  100  100  100  100  100  100  100  100    6       100  100  100  100  100  100  100  100  100  100  100  100  100  100  100  100  100  100  100  100  100  100  100  100  100  100  100  100  100  100  100  100  100  100  100  100  100  100  100  100  100  100  100  100  100  100  100  100  100  100  100  100  100  100  100  100  100  100  100  100  100  100  100  100  100  100
-50.6     100  100  100  100  100  100  100  100  100  100  100  100  100  100  100  100  100  100  100  100  100  100  100  100  100  100  100  100    7   23  100  100  100  100  100  100  100  100  100  100  100  100  100  100  100  100  100  100  100  100  100  100  100  100  100  100  100  100  100  100  100  100  100  100  100  100  100  100  100  100  100  100  100  100  100  100  100  100  100  100  100  100  100  100  100  100  100  100  100  100  100  100  100  100  100  100
-54.4     100  100  100  100  100  100  100  100  100  100  100  100  100  100  100  100  100  100  100  100  100  100  100  100  100  100  100  100   66   35  100  100  100  100  100  100  100  100  100  100  100  100  100  100  100  100  100  100  100  100  100  100  100  100  100  100  100  100  100  100  100  100  100  100  100  100  100  100  100  100  100  100  100  100  100  100  100  100  100  100  100  100  100  100  100  100  100  100  100  100  100  100  100  100  100  100
-58.1     100  100  100  100  100  100  100  100  100  100  100  100  100  100  100  100  100  100  100  100  100  100  100  100  100  100  100  100  100  100  100  100  100  100  100  100  100  100  100  100  100  100  100  100  100  100  100  100  100  100  100  100  100  100  100  100  100  100  100  100  100  100  100  100  100  100  100  100  100  100  100  100  100  100  100  100  100  100  100  100  100  100  100  100  100  100  100  100  100  100  100  100  100  100  100  100
-61.9     100  100  100  100  100  100  100  100  100  100  100  100  100  100  100  100  100  100  100  100  100  100  100  100  100  100  100  100  100  100  100  100  100  100  100  100  100  100  100  100  100  100  100  100  100  100  100  100  100  100  100  100  100  100  100  100  100  100  100  100  100  100  100  100  100  100  100  100  100  100  100  100  100  100  100  100  100  100  100  100  100  100  100  100  100  100  100  100  100  100  100  100  100  100  100  100
-65.6     100  100  100  100  100  100  100  100  100  100  100  100  100  100  100  100  100  100  100  100  100  100  100  100  100  100  100  100  100  100   62   23  100  100  100  100  100  100  100  100  100  100  100  100  100  100  100  100  100  100  100  100  100  100  100  100  100  100  100  100  100  100   42  100  100  100  100  100  100  100  100  100  100   58   56   51  100   70   66  100  100  100  100   65  100  100  100  100  100  100  100  100  100  100  100  100
-69.4     100  100  100  100  100  100  100  100  100  100  100  100  100  100  100  100  100  100  100  100  100  100  100  100  100  100  100  100   62   45        12  100  100  100  100  100  100  100  100  100  100  100  100  100  100  100   68  100  100  100   65   64  100  100   66   46   47   51   19    7                   8   11   22   49   47   12                                                                                        20   27   41   58  100  100  100  100  100
-73.1     100  100  100  100  100  100  100  100  100  100  100  100  100  100   60   68  100  100  100  100   65   20   29   41   46   65   60   43   21             12  100  100  100  100  100  100  100  100  100  100   69   42   20                                                                                                                                                                                                                                              27  100  100  100
-76.9     100  100  100  100  100  100   63   64   36   21   13                                                                                                            34   57   66  100  100  100  100   61   36    8                                                                                                                                                                                                                                                        37  100  100  100  100
-80.6                                                                                                                                                                                                                                                                                                                                                                                                                                                                                                   
-84.4                                                                                                                                                                                                                                                                                                                                                                                                                                                                                                   
-88.1                                                                                                                                                                                                                                                                                                                                                                                                                                                                                                   
